-160.593
-160.583
-160.544
-160.534
-160.505
-160.426
-160.417
-160.387
-160.368
-160.348
-160.348
-160.319
-160.279
-160.24
-160.23
-160.221
-160.211
-160.181
-160.162
-160.103
-160.103
-160.064
-160.054
-160.054
-159.985
-159.966
-159.936
-159.926
-159.917
-159.907
-159.887
-159.868
-159.809
-159.789
-159.76
-159.74
-159.74
-159.652
-159.632
-159.515
-159.456
-159.436
-159.417
-159.358
-159.328
-159.279
-159.279
-159.27
-159.26
-159.26
-159.25
-159.23
-159.23
-159.211
-159.191
-159.191
-159.172
-159.172
-159.123
-159.123
-159.113
-159.064
-159.034
-159.005
-158.975
-158.956
-158.907
-158.838
-158.77
-158.77
-158.76
-158.73
-158.652
-158.613
-158.613
-158.544
-158.534
-158.505
-158.505
-158.417
-158.397
-158.377
-158.319
-158.309
-158.299
-158.26
-158.221
-158.191
-158.172
-158.142
-158.142
-158.083
-158.083
-158.074
-157.995
-157.985
-157.799
-157.789
-157.76
-157.711
-157.681
-157.652
-157.642
-157.642
-157.632
-157.505
-157.426
-157.387
-157.358
-157.338
-157.319
-157.211
-157.181
-157.083
-157.074
-157.034
-157.005
-156.985
-156.926
-156.917
-156.868
-156.828
-156.819
-156.789
-156.73
-156.721
-156.672
-156.672
-156.642
-156.554
-156.525
-156.505
-156.495
-156.475
-156.466
-156.417
-156.358
-156.338
-156.309
-156.299
-156.27
-156.191
-156.152
-156.093
-156.044
-156.034
-156.015
-156.005
-155.975
-155.966
-155.926
-155.907
-155.877
-155.868
-155.868
-155.838
-155.828
-155.809
-155.77
-155.75
-155.701
-155.691
-155.662
-155.515
-155.505
-155.456
-155.446
-155.446
-155.426
-155.426
-155.407
-155.328
-155.309
-155.211
-155.201
-155.181
-155.103
-155.083
-155.054
-155.005
-154.946
-154.926
-154.907
-154.819
-154.799
-154.77
-154.76
-154.711
-154.681
-154.681
-154.662
-154.662
-154.642
-154.642
-154.613
-154.574
-154.574
-154.534
-154.495
-154.466
-154.446
-154.446
-154.387
-154.348
-154.279
-154.25
-154.221
-154.201
-154.191
-154.172
-154.172
-154.142
-154.093
-154.064
-154.005
-153.966
-153.946
-153.917
-153.917
-153.858
-153.858
-153.848
-153.838
-153.838
-153.828
-153.828
-153.809
-153.779
-153.779
-153.76
-153.74
-153.721
-153.691
-153.672
-153.603
-153.505
-153.495
-153.456
-153.426
-153.348
-153.328
-153.289
-153.27
-153.26
-153.23
-153.181
-153.142
-153.142
-153.113
-153.103
-153.093
-153.093
-153.064
-153.044
-153.044
-152.995
-152.995
-152.917
-152.917
-152.897
-152.897
-152.858
-152.779
-152.652
-152.574
-152.525
-152.515
-152.475
-152.466
-152.456
-152.407
-152.397
-152.397
-152.377
-152.338
-152.328
-152.328
-152.289
-152.162
-152.113
-152.103
-152.054
-152.044
-151.887
-151.868
-151.868
-151.819
-151.809
-151.799
-151.75
-151.74
-151.691
-151.681
-151.632
-151.583
-151.505
-151.456
-151.407
-151.377
-151.377
-151.289
-151.27
-151.23
-151.025
-151.025
-150.966
-150.926
-150.917
-150.77
-150.74
-150.73
-150.701
-150.701
-150.681
-150.652
-150.642
-150.593
-150.574
-150.544
-150.525
-150.417
-150.348
-150.309
-150.309
-150.309
-150.289
-150.27
-150.191
-150.123
-150.123
-149.995
-149.985
-149.956
-149.897
-149.789
-149.779
-149.662
-149.603
-149.603
-149.574
-149.534
-149.534
-149.495
-149.495
-149.475
-149.417
-149.387
-149.348
-149.309
-149.279
-149.23
-149.211
-149.123
-149.044
-149.025
-148.985
-148.858
-148.848
-148.809
-148.799
-148.799
-148.711
-148.672
-148.652
-148.613
-148.603
-148.593
-148.574
-148.485
-148.436
-148.426
-148.426
-148.299
-148.279
-148.23
-148.221
-148.201
-148.191
-148.191
-148.162
-148.142
-148.113
-148.093
-148.093
-148.074
-148.064
-148.054
-148.015
-147.946
-147.681
-147.632
-147.574
-147.544
-147.505
-147.495
-147.485
-147.446
-147.407
-147.338
-147.289
-147.26
-147.25
-147.25
-147.25
-147.23
-147.083
-147.074
-147.034
-146.995
-146.985
-146.936
-146.887
-146.848
-146.848
-146.848
-146.819
-146.799
-146.789
-146.789
-146.74
-146.691
-146.652
-146.603
-146.544
-146.515
-146.495
-146.475
-146.466
-146.456
-146.436
-146.426
-146.387
-146.368
-146.338
-146.328
-146.26
-146.25
-146.191
-146.152
-146.123
-146.093
-146.093
-145.975
-145.966
-145.956
-145.946
-145.917
-145.887
-145.809
-145.77
-145.76
-145.691
-145.652
-145.642
-145.642
-145.583
-145.554
-145.544
-145.534
-145.534
-145.495
-145.466
-145.436
-145.426
-145.407
-145.328
-145.299
-145.299
-145.279
-145.25
-145.23
-145.23
-145.181
-145.172
-145.064
-145.064
-145.054
-145.054
-144.995
-144.985
-144.897
-144.877
-144.858
-144.838
-144.789
-144.74
-144.74
-144.711
-144.711
-144.681
-144.681
-144.681
-144.672
-144.574
-144.515
-144.446
-144.407
-144.397
-144.397
-144.338
-144.328
-144.328
-144.319
-144.279
-144.25
-144.25
-144.201
-144.181
-144.181
-144.162
-144.123
-144.123
-144.034
-144.015
-144.005
-143.985
-143.966
-143.966
-143.946
-143.887
-143.858
-143.848
-143.819
-143.789
-143.75
-143.73
-143.73
-143.711
-143.691
-143.681
-143.662
-143.652
-143.652
-143.613
-143.593
-143.554
-143.456
-143.446
-143.426
-143.387
-143.338
-143.289
-143.279
-143.27
-143.26
-143.23
-143.221
-143.211
-143.083
-143.074
-143.054
-142.985
-142.956
-142.907
-142.877
-142.848
-142.838
-142.799
-142.799
-142.73
-142.711
-142.711
-142.701
-142.662
-142.632
-142.623
-142.583
-142.564
-142.515
-142.505
-142.495
-142.475
-142.466
-142.368
-142.348
-142.328
-142.328
-142.299
-142.181
-142.181
-142.172
-142.162
-142.142
-142.123
-142.093
-142.074
-142.025
-142.015
-142.005
-141.966
-141.946
-141.917
-141.917
-141.877
-141.848
-141.838
-141.799
-141.76
-141.76
-141.75
-141.75
-141.74
-141.73
-141.681
-141.672
-141.652
-141.642
-141.593
-141.574
-141.515
-141.495
-141.466
-141.466
-141.338
-141.319
-141.309
-141.201
-141.172
-141.132
-141.113
-141.103
-141.103
-141.083
-141.083
-141.044
-141.025
-140.985
-140.946
-140.907
-140.858
-140.838
-140.828
-140.809
-140.74
-140.721
-140.632
-140.593
-140.574
-140.554
-140.525
-140.485
-140.417
-140.387
-140.377
-140.377
-140.368
-140.319
-140.299
-140.211
-140.181
-140.152
-140.152
-140.152
-140.103
-140.093
-140.093
-140.083
-140.064
-139.985
-139.926
-139.917
-139.789
-139.789
-139.789
-139.681
-139.672
-139.662
-139.652
-139.642
-139.603
-139.593
-139.544
-139.534
-139.505
-139.436
-139.368
-139.319
-139.27
-139.24
-139.221
-139.191
-139.181
-139.132
-139.064
-138.995
-138.975
-138.966
-138.946
-138.858
-138.838
-138.828
-138.819
-138.74
-138.691
-138.642
-138.623
-138.495
-138.495
-138.485
-138.436
-138.426
-138.377
-138.368
-138.299
-138.27
-138.27
-138.25
-138.211
-138.172
-138.123
-138.044
-138.025
-138.015
-138.005
-137.907
-137.907
-137.858
-137.838
-137.809
-137.779
-137.76
-137.74
-137.681
-137.652
-137.642
-137.564
-137.515
-137.456
-137.446
-137.407
-137.387
-137.328
-137.319
-137.27
-137.123
-137.083
-137.064
-137.064
-137.034
-136.995
-136.946
-136.887
-136.848
-136.838
-136.809
-136.779
-136.75
-136.721
-136.662
-136.652
-136.593
-136.583
-136.495
-136.495
-136.475
-136.446
-136.446
-136.417
-136.417
-136.368
-136.309
-136.299
-136.279
-136.25
-136.221
-136.221
-136.201
-136.142
-136.083
-136.064
-136.034
-136.015
-136.015
-135.995
-135.985
-135.975
-135.956
-135.926
-135.917
-135.828
-135.819
-135.779
-135.779
-135.74
-135.711
-135.672
-135.642
-135.632
-135.583
-135.564
-135.475
-135.407
-135.387
-135.279
-135.24
-135.201
-135.191
-135.152
-135.142
-135.132
-135.064
-135.044
-134.926
-134.917
-134.907
-134.887
-134.887
-134.887
-134.799
-134.73
-134.711
-134.691
-134.672
-134.652
-134.642
-134.632
-134.564
-134.534
-134.525
-134.515
-134.466
-134.456
-134.446
-134.446
-134.446
-134.387
-134.368
-134.201
-134.201
-134.201
-134.162
-134.152
-134.132
-134.132
-134.005
-133.975
-133.975
-133.907
-133.838
-133.838
-133.819
-133.789
-133.789
-133.75
-133.74
-133.652
-133.426
-133.417
-133.348
-133.319
-133.309
-133.27
-133.25
-133.25
-133.23
-133.211
-133.172
-133.103
-133.083
-133.034
-133.025
-133.025
-133.025
-132.985
-132.946
-132.887
-132.887
-132.789
-132.789
-132.73
-132.681
-132.672
-132.603
-132.564
-132.534
-132.466
-132.387
-132.358
-132.358
-132.348
-132.338
-132.191
-132.093
-132.054
-131.975
-131.966
-131.926
-131.779
-131.77
-131.77
-131.76
-131.74
-131.574
-131.564
-131.495
-131.407
-131.319
-131.309
-131.26
-131.26
-131.24
-131.24
-131.162
-131.162
-131.093
-130.995
-130.995
-130.926
-130.897
-130.877
-130.868
-130.828
-130.691
-130.672
-130.632
-130.613
-130.593
-130.574
-130.544
-130.475
-130.446
-130.436
-130.426
-130.426
-130.397
-130.387
-130.309
-130.299
-130.299
-130.299
-130.211
-130.172
-130.132
-130.113
-130.093
-130.005
-130.005
-129.966
-129.956
-129.897
-129.789
-129.76
-129.701
-129.701
-129.632
-129.623
-129.613
-129.603
-129.554
-129.534
-129.456
-129.436
-129.407
-129.377
-129.377
-129.328
-129.299
-129.289
-129.289
-129.27
-129.25
-129.23
-129.201
-129.152
-129.132
-129.103
-129.083
-129.083
-129.083
-129.054
-129.054
-129.044
-129.025
-128.985
-128.936
-128.868
-128.858
-128.848
-128.819
-128.779
-128.75
-128.73
-128.701
-128.623
-128.603
-128.554
-128.505
-128.485
-128.456
-128.456
-128.446
-128.397
-128.348
-128.338
-128.299
-128.181
-128.103
-128.093
-128.074
-128.044
-127.995
-127.956
-127.946
-127.926
-127.917
-127.897
-127.897
-127.887
-127.877
-127.877
-127.848
-127.799
-127.77
-127.691
-127.681
-127.662
-127.583
-127.534
-127.495
-127.485
-127.407
-127.407
-127.358
-127.348
-127.328
-127.328
-127.289
-127.27
-127.162
-127.044
-127.034
-127.005
-126.995
-126.975
-126.956
-126.946
-126.848
-126.848
-126.828
-126.809
-126.76
-126.76
-126.75
-126.691
-126.652
-126.613
-126.534
-126.534
-126.505
-126.436
-126.358
-126.338
-126.279
-126.26
-126.142
-126.083
-126.083
-126.074
-126.064
-126.054
-126.044
-126.044
-126.025
-125.946
-125.897
-125.868
-125.858
-125.848
-125.838
-125.779
-125.779
-125.75
-125.74
-125.73
-125.711
-125.711
-125.672
-125.672
-125.662
-125.632
-125.603
-125.593
-125.564
-125.554
-125.525
-125.505
-125.485
-125.475
-125.466
-125.466
-125.417
-125.407
-125.407
-125.368
-125.309
-125.299
-125.24
-125.221
-125.162
-125.083
-124.975
-124.966
-124.966
-124.936
-124.897
-124.897
-124.838
-124.828
-124.819
-124.779
-124.75
-124.681
-124.642
-124.632
-124.632
-124.583
-124.505
-124.475
-124.446
-124.397
-124.348
-124.26
-124.191
-124.162
-124.074
-124.054
-124.015
-123.985
-123.985
-123.936
-123.868
-123.848
-123.828
-123.76
-123.76
-123.701
-123.652
-123.642
-123.593
-123.564
-123.485
-123.475
-123.417
-123.377
-123.319
-123.221
-123.221
-123.201
-123.191
-123.152
-123.083
-123.074
-123.064
-123.054
-123.034
-122.985
-122.946
-122.926
-122.887
-122.877
-122.828
-122.819
-122.819
-122.662
-122.662
-122.652
-122.603
-122.593
-122.534
-122.368
-122.368
-122.358
-122.348
-122.27
-122.26
-122.25
-122.24
-122.23
-122.221
-122.201
-122.181
-122.142
-122.142
-122.103
-122.093
-122.044
-122.044
-122.034
-122.005
-121.966
-121.936
-121.858
-121.809
-121.76
-121.73
-121.721
-121.711
-121.534
-121.515
-121.485
-121.456
-121.407
-121.397
-121.348
-121.319
-121.309
-121.309
-121.26
-121.26
-121.211
-121.142
-121.113
-121.103
-121.005
-120.995
-120.946
-120.868
-120.828
-120.711
-120.681
-120.672
-120.583
-120.583
-120.544
-120.525
-120.505
-120.446
-120.436
-120.436
-120.417
-120.309
-120.26
-120.23
-120.044
-120.025
-120.025
-119.995
-119.868
-119.77
-119.77
-119.75
-119.721
-119.652
-119.623
-119.583
-119.564
-119.554
-119.554
-119.515
-119.495
-119.466
-119.446
-119.426
-119.426
-119.397
-119.397
-119.368
-119.368
-119.319
-119.27
-119.24
-119.162
-119.142
-119.103
-118.995
-118.975
-118.926
-118.907
-118.809
-118.681
-118.613
-118.593
-118.593
-118.593
-118.554
-118.475
-118.456
-118.417
-118.407
-118.338
-118.338
-118.309
-118.279
-118.26
-118.25
-118.23
-118.201
-118.142
-118.103
-118.044
-118.025
-118.015
-118.015
-117.877
-117.877
-117.868
-117.858
-117.838
-117.77
-117.76
-117.681
-117.672
-117.593
-117.574
-117.466
-117.446
-117.397
-117.387
-117.387
-117.358
-117.358
-117.348
-117.338
-117.328
-117.279
-117.27
-117.201
-117.181
-117.152
-117.083
-117.074
-117.054
-117.025
-117.005
-116.975
-116.917
-116.897
-116.897
-116.858
-116.819
-116.779
-116.76
-116.73
-116.652
-116.642
-116.613
-116.574
-116.544
-116.485
-116.426
-116.426
-116.417
-116.407
-116.397
-116.368
-116.358
-116.299
-116.27
-116.152
-116.123
-116.054
-116.054
-116.025
-115.897
-115.877
-115.868
-115.858
-115.77
-115.721
-115.721
-115.691
-115.662
-115.613
-115.613
-115.603
-115.593
-115.564
-115.534
-115.485
-115.475
-115.436
-115.417
-115.417
-115.358
-115.358
-115.299
-115.24
-115.211
-115.152
-115.152
-115.152
-115.142
-115.132
-115.132
-115.123
-115.025
-114.995
-114.917
-114.897
-114.887
-114.868
-114.868
-114.838
-114.789
-114.76
-114.76
-114.74
-114.73
-114.721
-114.711
-114.691
-114.681
-114.642
-114.613
-114.613
-114.613
-114.564
-114.505
-114.495
-114.456
-114.436
-114.426
-114.397
-114.368
-114.368
-114.358
-114.348
-114.338
-114.309
-114.27
-114.25
-114.23
-114.221
-114.211
-114.172
-114.103
-114.083
-114.064
-114.054
-114.054
-114.054
-114.005
-113.995
-113.985
-113.985
-113.897
-113.868
-113.858
-113.721
-113.681
-113.613
-113.583
-113.544
-113.505
-113.475
-113.436
-113.407
-113.358
-113.309
-113.299
-113.299
-113.24
-113.211
-113.162
-113.054
-113.034
-113.025
-112.995
-112.975
-112.975
-112.907
-112.897
-112.858
-112.858
-112.819
-112.789
-112.76
-112.75
-112.721
-112.603
-112.574
-112.515
-112.466
-112.397
-112.387
-112.309
-112.279
-112.191
-112.191
-112.181
-112.152
-112.113
-112.103
-112.083
-112.064
-112.054
-112.015
-111.985
-111.936
-111.936
-111.907
-111.897
-111.848
-111.828
-111.819
-111.779
-111.77
-111.75
-111.75
-111.74
-111.73
-111.623
-111.613
-111.603
-111.583
-111.544
-111.456
-111.397
-111.397
-111.397
-111.387
-111.328
-111.309
-111.309
-111.289
-111.289
-111.279
-111.279
-111.26
-111.23
-111.201
-111.172
-111.162
-111.142
-111.123
-111.083
-111.083
-111.064
-111.034
-111.025
-110.907
-110.868
-110.809
-110.779
-110.779
-110.76
-110.73
-110.691
-110.681
-110.662
-110.652
-110.574
-110.544
-110.534
-110.456
-110.436
-110.397
-110.319
-110.289
-110.27
-110.26
-110.25
-110.25
-110.23
-110.113
-110.093
-110.054
-110.054
-110.025
-109.946
-109.897
-109.887
-109.868
-109.838
-109.77
-109.74
-109.73
-109.711
-109.623
-109.603
-109.554
-109.446
-109.407
-109.397
-109.387
-109.377
-109.348
-109.348
-109.319
-109.309
-109.24
-109.23
-109.191
-109.162
-109.162
-109.162
-109.142
-109.123
-109.093
-109.064
-108.975
-108.907
-108.868
-108.848
-108.819
-108.77
-108.73
-108.672
-108.662
-108.662
-108.632
-108.603
-108.544
-108.544
-108.475
-108.466
-108.27
-108.27
-108.24
-108.23
-108.221
-108.191
-108.162
-108.152
-108.044
-107.966
-107.838
-107.828
-107.799
-107.789
-107.721
-107.701
-107.701
-107.662
-107.652
-107.603
-107.525
-107.525
-107.515
-107.505
-107.456
-107.417
-107.358
-107.328
-107.328
-107.23
-107.221
-107.191
-107.191
-107.152
-107.132
-107.044
-107.034
-107.005
-106.995
-106.985
-106.975
-106.946
-106.848
-106.819
-106.789
-106.76
-106.642
-106.632
-106.593
-106.574
-106.534
-106.515
-106.505
-106.456
-106.387
-106.387
-106.358
-106.348
-106.338
-106.338
-106.328
-106.328
-106.309
-106.299
-106.289
-106.26
-106.24
-106.181
-106.162
-106.152
-106.132
-106.113
-106.064
-106.064
-106.054
-105.936
-105.877
-105.877
-105.877
-105.828
-105.828
-105.711
-105.701
-105.701
-105.691
-105.662
-105.623
-105.515
-105.446
-105.436
-105.377
-105.348
-105.299
-105.27
-105.27
-105.221
-105.221
-105.221
-105.132
-105.113
-105.054
-104.985
-104.975
-104.966
-104.877
-104.819
-104.819
-104.809
-104.799
-104.789
-104.75
-104.75
-104.691
-104.681
-104.672
-104.623
-104.603
-104.593
-104.583
-104.574
-104.534
-104.525
-104.525
-104.495
-104.485
-104.466
-104.426
-104.338
-104.299
-104.25
-104.25
-104.23
-104.211
-104.172
-104.152
-104.113
-104.103
-104.083
-104.064
-104.044
-104.005
-103.975
-103.926
-103.926
-103.897
-103.838
-103.828
-103.819
-103.819
-103.789
-103.681
-103.672
-103.574
-103.564
-103.564
-103.554
-103.554
-103.475
-103.456
-103.358
-103.348
-103.328
-103.328
-103.319
-103.289
-103.27
-103.23
-103.201
-103.201
-103.181
-103.123
-103.083
-103.054
-103.034
-103.034
-103.015
-102.966
-102.946
-102.848
-102.721
-102.711
-102.662
-102.632
-102.583
-102.515
-102.466
-102.446
-102.426
-102.417
-102.407
-102.397
-102.397
-102.358
-102.338
-102.338
-102.328
-102.289
-102.211
-102.123
-102.093
-102.064
-102.054
-101.956
-101.956
-101.946
-101.926
-101.926
-101.887
-101.858
-101.858
-101.828
-101.779
-101.77
-101.77
-101.74
-101.721
-101.593
-101.554
-101.505
-101.426
-101.426
-101.426
-101.407
-101.348
-101.328
-101.309
-101.172
-101.172
-101.162
-101.142
-101.113
-101.093
-101.044
-100.966
-100.926
-100.907
-100.848
-100.819
-100.799
-100.642
-100.623
-100.603
-100.574
-100.574
-100.564
-100.554
-100.534
-100.525
-100.495
-100.475
-100.436
-100.426
-100.417
-100.368
-100.338
-100.338
-100.299
-100.26
-100.221
-100.191
-100.162
-100.132
-100.113
-99.9559
-99.9363
-99.9363
-99.9265
-99.9069
-99.8186
-99.799
-99.799
-99.799
-99.7794
-99.75
-99.75
-99.652
-99.652
-99.6324
-99.6029
-99.5735
-99.5343
-99.5343
-99.5049
-99.4657
-99.4363
-99.3578
-99.2696
-99.2598
-99.1912
-99.1912
-99.152
-99.1324
-99.1324
-98.9951
-98.9853
-98.9853
-98.9363
-98.8578
-98.8578
-98.8088
-98.652
-98.5931
-98.5735
-98.5441
-98.5245
-98.5049
-98.5049
-98.4755
-98.4657
-98.4559
-98.4265
-98.4167
-98.3284
-98.2892
-98.2794
-98.2206
-98.2108
-98.2108
-98.1814
-98.152
-98.0833
-98.0539
-97.9951
-97.9265
-97.9167
-97.8971
-97.8578
-97.8088
-97.7794
-97.7696
-97.75
-97.6716
-97.6716
-97.6618
-97.6618
-97.652
-97.6422
-97.6225
-97.6127
-97.5833
-97.5833
-97.5735
-97.5049
-97.4951
-97.4853
-97.4755
-97.4461
-97.4265
-97.3873
-97.3873
-97.299
-97.2892
-97.2794
-97.2598
-97.25
-97.2206
-97.1618
-97.1225
-97.1225
-97.1127
-97.1029
-97.0637
-97.0539
-97.0343
-96.9951
-96.9951
-96.9853
-96.9657
-96.8971
-96.8775
-96.8775
-96.8578
-96.8186
-96.8186
-96.7892
-96.7696
-96.5735
-96.5735
-96.5245
-96.5245
-96.5049
-96.5049
-96.4951
-96.4461
-96.4167
-96.4069
-96.3382
-96.3284
-96.3186
-96.299
-96.2892
-96.1912
-96.1618
-96.152
-96.0931
-96.0931
-96.0539
-96.0539
-96.0539
-95.9657
-95.9265
-95.8971
-95.8971
-95.8382
-95.8088
-95.799
-95.7696
-95.75
-95.7402
-95.7304
-95.7108
-95.6127
-95.5735
-95.5637
-95.5539
-95.5245
-95.4755
-95.4657
-95.4461
-95.4167
-95.4069
-95.3873
-95.3775
-95.2598
-95.2598
-95.201
-95.1814
-95.1716
-95.0833
-95.0833
-95.0539
-95.0049
-95.0049
-94.9559
-94.9167
-94.8971
-94.8873
-94.8873
-94.8578
-94.7794
-94.7108
-94.701
-94.652
-94.6324
-94.6324
-94.6127
-94.6029
-94.5637
-94.5343
-94.4755
-94.4755
-94.4657
-94.4167
-94.3284
-94.3186
-94.3186
-94.2892
-94.2892
-94.2892
-94.2794
-94.2794
-94.1324
-94.1127
-93.9755
-93.848
-93.8284
-93.799
-93.799
-93.7892
-93.7304
-93.7206
-93.7206
-93.701
-93.652
-93.6324
-93.6225
-93.5637
-93.5245
-93.5049
-93.4951
-93.4755
-93.4657
-93.4657
-93.4559
-93.3676
-93.3676
-93.348
-93.348
-93.299
-93.2892
-93.2892
-93.25
-93.2206
-93.1912
-93.1814
-93.1618
-93.1225
-93.0931
-93.0735
-93.0735
-93.0343
-93.0147
-92.9755
-92.9755
-92.9559
-92.8775
-92.8284
-92.8284
-92.7598
-92.75
-92.75
-92.75
-92.75
-92.7304
-92.701
-92.6618
-92.6618
-92.4363
-92.3676
-92.348
-92.3284
-92.3088
-92.2696
-92.2402
-92.0931
-92.0441
-91.9559
-91.9265
-91.9167
-91.8873
-91.8382
-91.7206
-91.701
-91.6225
-91.5833
-91.5735
-91.5735
-91.5245
-91.5147
-91.4657
-91.4559
-91.4461
-91.4461
-91.4265
-91.2598
-91.1618
-91.1029
-91.0833
-91.0245
-90.9853
-90.9755
-90.8382
-90.8088
-90.7696
-90.7402
-90.7304
-90.7108
-90.6618
-90.652
-90.5441
-90.5049
-90.4461
-90.4167
-90.4069
-90.3873
-90.3186
-90.3088
-90.25
-90.25
-90.1912
-90.1814
-90.1422
-90.1029
-90.0833
-90.0343
-89.9853
-89.9559
-89.9363
-89.9069
-89.8284
-89.8088
-89.75
-89.7304
-89.701
-89.6716
-89.652
-89.652
-89.6422
-89.6422
-89.6225
-89.5931
-89.5343
-89.5147
-89.5049
-89.4265
-89.4265
-89.4265
-89.3873
-89.3775
-89.348
-89.3382
-89.3186
-89.3088
-89.2794
-89.2696
-89.2206
-89.201
-89.201
-89.1716
-89.0931
-89.0735
-89.0637
-89.0539
-89.0441
-89.0441
-89.0245
-88.848
-88.799
-88.7794
-88.7794
-88.5735
-88.5147
-88.4951
-88.4853
-88.4069
-88.348
-88.348
-88.3382
-88.3382
-88.3186
-88.3088
-88.1814
-88.1618
-88.0147
-88.0147
-88.0147
-87.9461
-87.8873
-87.7598
-87.7304
-87.701
-87.6814
-87.6716
-87.6716
-87.6225
-87.6029
-87.6029
-87.5833
-87.5637
-87.4657
-87.4167
-87.4069
-87.3971
-87.3873
-87.3578
-87.3382
-87.3088
-87.299
-87.2794
-87.2598
-87.2206
-87.1814
-87.1814
-87.1716
-87.1716
-87.1716
-87.1127
-87.0245
-86.9853
-86.9559
-86.9363
-86.9167
-86.8676
-86.8676
-86.8186
-86.7892
-86.7598
-86.7598
-86.75
-86.7206
-86.701
-86.6618
-86.6618
-86.652
-86.6422
-86.6324
-86.6127
-86.5931
-86.3873
-86.3775
-86.3284
-86.3088
-86.2892
-86.2598
-86.25
-86.2108
-86.201
-86.1912
-86.152
-86.0833
-86.0735
-86.0735
-86.0637
-86.0049
-85.9853
-85.9559
-85.9265
-85.9265
-85.848
-85.8284
-85.7892
-85.7598
-85.7304
-85.7304
-85.7206
-85.6618
-85.5441
-85.5441
-85.4755
-85.4755
-85.4657
-85.4657
-85.4461
-85.4265
-85.4069
-85.3382
-85.3382
-85.3088
-85.3088
-85.25
-85.25
-85.201
-85.201
-85.1912
-85.1225
-85.0245
-84.9657
-84.9559
-84.9461
-84.9363
-84.9363
-84.9265
-84.8676
-84.8676
-84.8578
-84.8382
-84.7696
-84.7598
-84.7402
-84.7304
-84.6814
-84.6422
-84.5735
-84.5343
-84.4657
-84.4657
-84.4069
-84.3284
-84.3186
-84.299
-84.2794
-84.25
-84.2206
-84.1127
-84.0637
-84.0441
-84.0441
-84.0245
-84.0049
-83.8284
-83.701
-83.6716
-83.5931
-83.5441
-83.5343
-83.5245
-83.3775
-83.348
-83.3088
-83.3088
-83.299
-83.299
-83.1912
-83.1716
-83.1618
-83.1225
-83.1225
-83.0539
-83.0245
-82.9951
-82.9167
-82.848
-82.75
-82.6912
-82.6814
-82.6618
-82.652
-82.6422
-82.6029
-82.6029
-82.5735
-82.5343
-82.5245
-82.4853
-82.4755
-82.4755
-82.4363
-82.4363
-82.4265
-82.3775
-82.3284
-82.2598
-82.2206
-82.1814
-82.1225
-82.0931
-81.9657
-81.9363
-81.9069
-81.8578
-81.7794
-81.7598
-81.75
-81.7402
-81.652
-81.6422
-81.6029
-81.5931
-81.4853
-81.4559
-81.4167
-81.4069
-81.3971
-81.348
-81.3088
-81.2892
-81.2108
-81.1814
-81.152
-81.152
-81.152
-81.1422
-81.0833
-81.0833
-81.0539
-81.0441
-81.0147
-80.9755
-80.9657
-80.9657
-80.7794
-80.7598
-80.7402
-80.6912
-80.6324
-80.6225
-80.5637
-80.5441
-80.5441
-80.5147
-80.5049
-80.4853
-80.4559
-80.4559
-80.4069
-80.3873
-80.3676
-80.3578
-80.348
-80.2892
-80.2892
-80.2108
-80.1225
-80.1029
-80.0637
-80.0637
-79.9265
-79.8971
-79.8873
-79.8676
-79.848
-79.8088
-79.7892
-79.7794
-79.7696
-79.7402
-79.7206
-79.7206
-79.6814
-79.6814
-79.6716
-79.6618
-79.6422
-79.5833
-79.5833
-79.5245
-79.4951
-79.4363
-79.4167
-79.3873
-79.348
-79.3284
-79.2206
-79.152
-79.1225
-79.1225
-79.1127
-79.1029
-79.0147
-79.0147
-79.0147
-78.9951
-78.9853
-78.9657
-78.8676
-78.8676
-78.8284
-78.8186
-78.799
-78.75
-78.7402
-78.6912
-78.6814
-78.6618
-78.6618
-78.652
-78.6324
-78.6127
-78.5343
-78.4853
-78.4657
-78.4657
-78.4657
-78.4559
-78.4363
-78.4363
-78.3971
-78.3971
-78.3873
-78.3284
-78.3284
-78.3088
-78.2794
-78.2696
-78.2696
-78.2206
-78.1618
-78.1324
-78.0833
-78.0637
-78.0637
-77.9951
-77.9657
-77.9363
-77.9069
-77.9069
-77.8284
-77.7402
-77.7206
-77.5637
-77.5147
-77.4853
-77.4559
-77.4265
-77.3873
-77.3775
-77.3676
-77.3578
-77.3578
-77.3284
-77.3088
-77.2598
-77.2402
-77.2206
-77.1912
-77.1618
-77.152
-77.152
-77.1029
-77.0735
-77.0343
-77.0343
-77.0049
-77.0049
-76.9461
-76.848
-76.8382
-76.799
-76.7892
-76.7794
-76.7696
-76.6716
-76.4951
-76.4853
-76.3971
-76.3873
-76.3676
-76.3578
-76.348
-76.3382
-76.25
-76.2108
-76.201
-76.1814
-76.152
-76.0735
-76.0441
-76.0049
-75.9559
-75.9363
-75.8873
-75.8775
-75.799
-75.7892
-75.7402
-75.6225
-75.6029
-75.6029
-75.5147
-75.4951
-75.4853
-75.4657
-75.4069
-75.3775
-75.3775
-75.3284
-75.299
-75.2794
-75.2696
-75.2598
-75.2402
-75.1912
-75.1716
-75.1422
-75.1324
-75.1127
-75.1127
-75.1029
-75.0931
-75.0441
-75.0245
-75.0147
-74.9559
-74.9559
-74.9265
-74.8186
-74.8186
-74.8088
-74.7794
-74.75
-74.7206
-74.701
-74.6618
-74.5637
-74.5539
-74.4951
-74.4167
-74.3971
-74.3578
-74.3186
-74.3088
-74.299
-74.2794
-74.2794
-74.1225
-74.0931
-74.0833
-74.0735
-74.0441
-74.0245
-74.0049
-74.0049
-73.9755
-73.8775
-73.8578
-73.8382
-73.8284
-73.6912
-73.652
-73.6422
-73.6127
-73.5637
-73.5245
-73.5147
-73.4657
-73.4657
-73.4559
-73.4069
-73.3578
-73.299
-73.2794
-73.2598
-73.201
-73.1912
-73.1814
-73.152
-73.152
-73.1225
-73.0931
-73.0735
-73.0735
-73.0539
-73.0441
-73.0343
-73.0245
-73.0049
-72.9951
-72.9657
-72.9559
-72.8186
-72.8088
-72.7598
-72.7402
-72.7304
-72.701
-72.6716
-72.6225
-72.6029
-72.5931
-72.5637
-72.5637
-72.5539
-72.5441
-72.5147
-72.4853
-72.4755
-72.4559
-72.4265
-72.3284
-72.299
-72.2892
-72.2892
-72.1618
-72.1618
-72.1029
-72.0539
-71.9951
-71.9265
-71.9167
-71.8971
-71.8676
-71.8186
-71.6814
-71.6814
-71.6618
-71.6422
-71.6324
-71.6225
-71.6127
-71.5931
-71.5539
-71.5441
-71.5343
-71.5245
-71.5049
-71.4951
-71.4657
-71.4559
-71.4167
-71.3873
-71.3382
-71.2304
-71.1912
-71.1618
-71.1225
-71.0833
-71.0637
-70.9657
-70.8971
-70.8578
-70.8284
-70.8088
-70.7598
-70.7402
-70.6225
-70.5441
-70.5245
-70.4951
-70.4559
-70.4461
-70.3873
-70.2304
-70.201
-70.1618
-70.152
-70.1127
-69.9559
-69.9265
-69.9167
-69.9069
-69.8676
-69.8382
-69.8284
-69.7892
-69.7892
-69.7794
-69.7402
-69.7108
-69.6912
-69.6912
-69.6716
-69.6225
-69.5441
-69.4657
-69.4559
-69.4363
-69.348
-69.3186
-69.3088
-69.3088
-69.2892
-69.2696
-69.2598
-69.25
-69.2402
-69.2108
-69.1716
-69.0441
-69.0147
-69.0049
-68.9167
-68.9167
-68.8873
-68.8676
-68.8186
-68.8088
-68.7598
-68.7206
-68.7108
-68.6127
-68.5931
-68.5833
-68.5735
-68.4559
-68.4167
-68.3971
-68.348
-68.2598
-68.2206
-68.2206
-68.1912
-68.1814
-67.9853
-67.9657
-67.8971
-67.8578
-67.848
-67.8382
-67.8186
-67.8088
-67.6127
-67.6127
-67.6029
-67.5637
-67.5245
-67.5245
-67.4951
-67.4755
-67.4559
-67.4559
-67.4363
-67.4167
-67.4167
-67.4069
-67.3676
-67.348
-67.3382
-67.3382
-67.2598
-67.25
-67.2304
-67.2206
-67.1814
-67.1422
-67.1422
-67.1225
-67.0343
-66.9853
-66.9461
-66.8873
-66.8382
-66.8284
-66.7696
-66.7598
-66.7402
-66.7206
-66.7206
-66.6716
-66.6225
-66.5637
-66.4951
-66.4951
-66.4167
-66.348
-66.2696
-66.2598
-66.0539
-66.0441
-65.9853
-65.9363
-65.9363
-65.8971
-65.7598
-65.5931
-65.5833
-65.5735
-65.5735
-65.5343
-65.4559
-65.4167
-65.3873
-65.3088
-65.2696
-65.2402
-65.2304
-65.1912
-65.1324
-65.1225
-64.9951
-64.9559
-64.9167
-64.8775
-64.8578
-64.8382
-64.8186
-64.799
-64.7304
-64.7206
-64.7108
-64.7108
-64.652
-64.652
-64.6422
-64.6127
-64.6127
-64.5147
-64.4069
-64.3971
-64.3971
-64.3676
-64.2794
-64.2304
-64.2108
-64.1225
-64.1029
-64.0931
-64.0833
-64.0833
-64.0539
-64.0539
-64.0245
-63.9951
-63.9755
-63.9755
-63.9755
-63.9559
-63.8775
-63.8775
-63.799
-63.6225
-63.5147
-63.5147
-63.4069
-63.3578
-63.3382
-63.3284
-63.2696
-63.2304
-63.1618
-63.152
-63.1029
-63.0931
-63.0637
-62.9951
-62.9657
-62.9657
-62.9657
-62.9461
-62.9363
-62.8775
-62.8088
-62.7696
-62.7598
-62.75
-62.7402
-62.701
-62.6814
-62.5833
-62.5637
-62.5441
-62.5245
-62.5049
-62.4265
-62.3775
-62.2892
-62.2696
-62.2402
-62.2304
-62.201
-62.201
-62.1912
-62.1814
-62.1225
-62.1127
-62.1127
-62.0637
-62.0245
-61.9265
-61.848
-61.848
-61.799
-61.7696
-61.7108
-61.701
-61.5833
-61.5735
-61.5735
-61.5441
-61.5441
-61.4853
-61.4461
-61.3382
-61.3088
-61.2794
-61.2696
-61.2206
-61.201
-61.1912
-61.1912
-61.1814
-61.1716
-61.152
-61.1127
-61.0637
-60.9853
-60.9657
-60.9461
-60.9363
-60.9069
-60.8578
-60.8382
-60.8186
-60.7794
-60.7794
-60.7304
-60.6912
-60.6716
-60.6422
-60.6324
-60.6029
-60.6029
-60.6029
-60.5931
-60.5833
-60.5441
-60.3971
-60.3873
-60.2892
-60.25
-60.1127
-60.0539
-60.0539
-60.0049
-59.9951
-59.9559
-59.9363
-59.9069
-59.8775
-59.8186
-59.8186
-59.7892
-59.7892
-59.7696
-59.7696
-59.7304
-59.7108
-59.7108
-59.6618
-59.6422
-59.6225
-59.5539
-59.5539
-59.5245
-59.5147
-59.4559
-59.4265
-59.4069
-59.2402
-59.2304
-59.2108
-59.152
-59.152
-59.1225
-59.0833
-59.0049
-58.9461
-58.8873
-58.8775
-58.8578
-58.8382
-58.8382
-58.8284
-58.7696
-58.7598
-58.75
-58.7304
-58.701
-58.701
-58.6618
-58.6127
-58.6029
-58.5833
-58.5539
-58.5147
-58.4755
-58.4461
-58.4167
-58.4069
-58.3873
-58.3676
-58.2696
-58.2402
-58.201
-58.1814
-58.0833
-58.0147
-58.0147
-58.0049
-57.9951
-57.9951
-57.9853
-57.9657
-57.9363
-57.8676
-57.8578
-57.8284
-57.8284
-57.7892
-57.7794
-57.701
-57.6422
-57.6225
-57.6225
-57.6029
-57.5049
-57.3873
-57.3676
-57.3088
-57.299
-57.2892
-57.2696
-57.2108
-57.1422
-57.1422
-57.1324
-57.1225
-57.1127
-57.1029
-57.0931
-56.9657
-56.9559
-56.8578
-56.848
-56.7892
-56.7304
-56.7304
-56.7108
-56.701
-56.701
-56.6422
-56.6324
-56.5539
-56.4069
-56.3578
-56.3578
-56.3382
-56.3284
-56.3186
-56.3088
-56.2892
-56.2402
-56.2304
-56.1912
-56.1716
-56.1422
-56.0833
-56.0539
-56.0343
-56.0147
-55.9461
-55.9461
-55.9461
-55.9461
-55.9363
-55.9265
-55.9167
-55.9069
-55.8775
-55.848
-55.8382
-55.75
-55.7402
-55.7206
-55.7206
-55.6422
-55.6029
-55.5931
-55.5245
-55.5049
-55.4853
-55.3971
-55.3578
-55.2794
-55.2696
-55.2598
-55.25
-55.201
-55.1814
-55.1716
-55.152
-55.1225
-55.1225
-55.0931
-55.0833
-55.0049
-54.9657
-54.848
-54.8382
-54.799
-54.7892
-54.7696
-54.7696
-54.7598
-54.7206
-54.6912
-54.6814
-54.6716
-54.6618
-54.652
-54.6225
-54.6127
-54.5833
-54.5539
-54.5441
-54.5147
-54.5049
-54.4755
-54.4265
-54.3676
-54.3284
-54.3186
-54.3088
-54.3088
-54.299
-54.2598
-54.201
-54.1422
-54.0931
-54.0833
-54.0637
-54.0343
-53.9951
-53.9657
-53.9363
-53.9265
-53.9265
-53.8971
-53.848
-53.8284
-53.7206
-53.7206
-53.701
-53.6716
-53.6618
-53.6127
-53.5343
-53.5147
-53.5147
-53.4755
-53.4167
-53.4167
-53.3873
-53.3676
-53.3382
-53.3186
-53.3088
-53.2598
-53.2598
-53.2206
-53.1618
-53.1127
-53.0931
-53.0735
-53.0343
-53.0147
-53.0147
-52.9755
-52.9363
-52.9167
-52.9069
-52.8676
-52.8186
-52.799
-52.7892
-52.7696
-52.7696
-52.7108
-52.701
-52.6716
-52.6422
-52.5833
-52.5539
-52.5245
-52.5147
-52.348
-52.3186
-52.299
-52.299
-52.2794
-52.2696
-52.2304
-52.2304
-52.2108
-52.152
-52.1029
-52.0735
-52.0637
-52.0637
-52.0441
-51.9951
-51.8873
-51.8578
-51.8382
-51.8088
-51.75
-51.701
-51.5637
-51.5343
-51.5245
-51.4657
-51.4363
-51.348
-51.3186
-51.3186
-51.2794
-51.25
-51.25
-51.2304
-51.2206
-51.2206
-51.2108
-51.1029
-51.0833
-51.0539
-50.9853
-50.9559
-50.9069
-50.8971
-50.8971
-50.848
-50.7206
-50.7206
-50.7108
-50.7108
-50.652
-50.6127
-50.6127
-50.5931
-50.5833
-50.5147
-50.4559
-50.4461
-50.3971
-50.3775
-50.3578
-50.25
-50.2206
-50.2108
-50.1618
-50.1225
-49.9069
-49.848
-49.848
-49.8382
-49.799
-49.652
-49.6422
-49.6127
-49.6127
-49.6029
-49.5147
-49.4755
-49.4265
-49.4167
-49.3775
-49.3775
-49.3382
-49.1814
-49.1814
-49.1618
-49.1225
-49.0931
-49.0441
-49.0441
-49.0343
-49.0245
-49.0049
-48.9265
-48.9069
-48.8873
-48.8578
-48.7794
-48.7598
-48.6912
-48.6618
-48.6422
-48.6127
-48.5931
-48.5637
-48.5539
-48.5245
-48.5147
-48.4265
-48.3971
-48.348
-48.3382
-48.3186
-48.3186
-48.3088
-48.2892
-48.25
-48.25
-48.2206
-48.1618
-48.152
-48.1422
-48.1029
-48.0931
-48.0441
-48.0147
-47.9461
-47.9265
-47.9265
-47.8775
-47.8578
-47.848
-47.8382
-47.799
-47.799
-47.7696
-47.7402
-47.6814
-47.6716
-47.6716
-47.5735
-47.5049
-47.4461
-47.348
-47.3088
-47.2892
-47.2892
-47.2206
-47.2108
-47.201
-47.1912
-47.152
-47.1324
-47.0441
-47.0441
-46.9755
-46.9657
-46.9265
-46.9069
-46.8971
-46.7794
-46.7794
-46.7108
-46.701
-46.701
-46.6814
-46.6422
-46.6029
-46.5539
-46.5245
-46.4755
-46.4363
-46.4363
-46.4069
-46.3873
-46.348
-46.3186
-46.2892
-46.2108
-46.1912
-46.1029
-46.0735
-46.0735
-45.9559
-45.9363
-45.9069
-45.848
-45.7794
-45.7696
-45.6422
-45.5637
-45.5441
-45.4363
-45.3971
-45.3873
-45.3775
-45.3382
-45.299
-45.2206
-45.201
-45.1618
-45.1225
-45.0931
-45.0833
-45.0637
-45.0539
-45.0539
-44.9559
-44.8676
-44.8186
-44.7206
-44.6912
-44.6716
-44.652
-44.6422
-44.6127
-44.6127
-44.5833
-44.5735
-44.5637
-44.5441
-44.4951
-44.4559
-44.3775
-44.3578
-44.348
-44.2304
-44.2108
-44.2108
-44.201
-44.1912
-44.1422
-44.0931
-44.0735
-44.0735
-44.0441
-43.9951
-43.9265
-43.8971
-43.8676
-43.8088
-43.7794
-43.6716
-43.5441
-43.5147
-43.4657
-43.4363
-43.3971
-43.3971
-43.3775
-43.3676
-43.2794
-43.201
-43.1912
-43.1814
-43.1716
-43.1422
-43.1127
-43.0833
-43.0637
-42.9853
-42.9853
-42.9755
-42.9461
-42.8971
-42.8578
-42.799
-42.7892
-42.7696
-42.7598
-42.7108
-42.7108
-42.652
-42.6225
-42.6029
-42.5833
-42.5637
-42.5637
-42.5539
-42.5441
-42.5049
-42.5049
-42.4657
-42.4559
-42.4461
-42.3873
-42.3382
-42.3284
-42.3088
-42.299
-42.2598
-42.25
-42.25
-42.2402
-42.2304
-42.2108
-42.201
-42.1814
-42.1716
-42.1716
-42.1618
-42.1225
-42.1127
-42.0245
-41.9951
-41.9461
-41.8971
-41.8186
-41.7892
-41.7402
-41.7108
-41.6716
-41.652
-41.6422
-41.6324
-41.5343
-41.4951
-41.4559
-41.4363
-41.4265
-41.4265
-41.4265
-41.3676
-41.348
-41.3088
-41.2108
-41.201
-41.1422
-41.1225
-41.0833
-41.0833
-41.0441
-41.0147
-40.9657
-40.8971
-40.8382
-40.799
-40.7892
-40.7304
-40.6422
-40.6324
-40.6029
-40.5833
-40.5735
-40.5343
-40.5343
-40.5343
-40.5147
-40.4951
-40.4853
-40.4461
-40.4363
-40.3971
-40.348
-40.3284
-40.2892
-40.2892
-40.2794
-40.2696
-40.2402
-40.2304
-40.2304
-40.1618
-40.1422
-40.1324
-40.1127
-40.1029
-40.0931
-40.0833
-40.0833
-40.0735
-40.0343
-39.9755
-39.9755
-39.9167
-39.8775
-39.8676
-39.848
-39.8186
-39.799
-39.7598
-39.6324
-39.6029
-39.6029
-39.5343
-39.5147
-39.4951
-39.4853
-39.4657
-39.4461
-39.4363
-39.3971
-39.3676
-39.2892
-39.2304
-39.2108
-39.1618
-39.1324
-39.1225
-38.9951
-38.9265
-38.9069
-38.9069
-38.8578
-38.8284
-38.8088
-38.8088
-38.7402
-38.7304
-38.6912
-38.6814
-38.6225
-38.5833
-38.5441
-38.5147
-38.5147
-38.5147
-38.4657
-38.4265
-38.348
-38.3382
-38.2598
-38.1912
-38.1912
-38.1814
-38.1716
-38.1422
-38.1324
-38.0833
-38.0735
-38.0441
-38.0441
-38.0343
-37.9951
-37.9265
-37.9167
-37.9069
-37.8284
-37.8088
-37.7892
-37.7892
-37.7696
-37.7402
-37.7206
-37.7108
-37.7108
-37.6716
-37.6225
-37.6127
-37.5931
-37.5931
-37.5833
-37.4951
-37.4755
-37.4167
-37.3873
-37.3873
-37.3676
-37.3088
-37.2794
-37.25
-37.201
-37.1618
-37.152
-37.0931
-37.0343
-36.9951
-36.9853
-36.9167
-36.9069
-36.8676
-36.8676
-36.848
-36.8382
-36.8186
-36.8186
-36.8088
-36.7598
-36.7304
-36.7304
-36.6618
-36.5637
-36.4069
-36.3775
-36.3676
-36.3578
-36.3382
-36.25
-36.1814
-36.1618
-36.1324
-36.0735
-36.0539
-36.0245
-35.9951
-35.9755
-35.9559
-35.9461
-35.8971
-35.8971
-35.8873
-35.8676
-35.8382
-35.8284
-35.8284
-35.7892
-35.7794
-35.7696
-35.75
-35.6618
-35.652
-35.6225
-35.5735
-35.5343
-35.5343
-35.5245
-35.4167
-35.3382
-35.3382
-35.3088
-35.201
-35.1716
-35.1324
-35.0539
-35.0441
-34.9657
-34.9559
-34.8873
-34.8775
-34.8088
-34.7892
-34.7696
-34.7402
-34.7108
-34.701
-34.6618
-34.5931
-34.5539
-34.5049
-34.3676
-34.3284
-34.2696
-34.2598
-34.25
-34.2402
-34.2402
-34.2304
-34.1912
-34.1912
-34.1324
-34.0833
-34.0441
-34.0343
-33.9657
-33.9559
-33.9167
-33.8873
-33.8873
-33.8578
-33.848
-33.8284
-33.8284
-33.8088
-33.8088
-33.799
-33.7892
-33.7794
-33.75
-33.701
-33.6814
-33.6716
-33.5735
-33.4167
-33.3873
-33.3382
-33.2402
-33.2402
-33.1912
-33.1814
-33.1716
-33.1324
-33.1029
-33.0833
-32.9755
-32.9559
-32.8971
-32.8775
-32.8676
-32.8088
-32.8088
-32.8088
-32.7696
-32.75
-32.6912
-32.652
-32.5735
-32.5539
-32.5539
-32.5539
-32.5441
-32.4265
-32.3971
-32.2598
-32.1814
-32.1814
-32.0539
-32.0245
-31.9951
-31.9559
-31.8775
-31.8284
-31.8088
-31.7794
-31.7794
-31.7696
-31.7696
-31.75
-31.75
-31.7108
-31.6814
-31.6422
-31.5931
-31.5833
-31.5735
-31.5735
-31.5735
-31.5539
-31.5147
-31.4951
-31.4559
-31.4265
-31.4167
-31.348
-31.3186
-31.2892
-31.2696
-31.25
-31.201
-31.1912
-31.1422
-31.1324
-31.1225
-31.1127
-30.9755
-30.9559
-30.8971
-30.8971
-30.8775
-30.8284
-30.8186
-30.7696
-30.7696
-30.7696
-30.7696
-30.7206
-30.701
-30.6912
-30.652
-30.6225
-30.6127
-30.6127
-30.6029
-30.5735
-30.5343
-30.3775
-30.3775
-30.3382
-30.3284
-30.3284
-30.3284
-30.299
-30.2696
-30.201
-30.1324
-30.1324
-30.0735
-30.0735
-29.9363
-29.9265
-29.8873
-29.8775
-29.8676
-29.8578
-29.8284
-29.7892
-29.6716
-29.6716
-29.652
-29.6422
-29.6324
-29.6225
-29.5931
-29.5735
-29.5441
-29.5343
-29.4755
-29.4069
-29.3676
-29.3284
-29.2402
-29.2206
-29.1912
-29.1814
-29.0637
-28.9755
-28.8873
-28.8775
-28.848
-28.8186
-28.8186
-28.7402
-28.7402
-28.7402
-28.7206
-28.6814
-28.6814
-28.6618
-28.6127
-28.6127
-28.5931
-28.5441
-28.5441
-28.5147
-28.5049
-28.4167
-28.4167
-28.3971
-28.3775
-28.3676
-28.3676
-28.299
-28.2696
-28.25
-28.2402
-28.2206
-28.1814
-28.1814
-28.1814
-28.1029
-28.0931
-28.0833
-28.0245
-27.9657
-27.8775
-27.848
-27.7892
-27.7892
-27.6912
-27.6127
-27.5539
-27.5539
-27.5049
-27.4951
-27.4853
-27.4461
-27.4461
-27.3873
-27.3676
-27.3186
-27.299
-27.25
-27.2108
-27.1814
-27.1716
-27.1618
-27.0637
-27.0245
-27.0049
-26.9853
-26.9755
-26.9461
-26.8971
-26.8775
-26.8284
-26.8186
-26.8088
-26.7794
-26.7696
-26.7108
-26.5539
-26.5539
-26.4853
-26.4461
-26.3676
-26.3676
-26.3382
-26.3284
-26.2696
-26.2598
-26.1912
-26.1814
-26.152
-26.152
-26.1422
-26.0931
-26.0441
-26.0147
-25.9265
-25.8578
-25.8284
-25.7402
-25.7402
-25.7304
-25.701
-25.6912
-25.6029
-25.5931
-25.5833
-25.5637
-25.5539
-25.4853
-25.4853
-25.4755
-25.4559
-25.4559
-25.4265
-25.4265
-25.3971
-25.3775
-25.3382
-25.299
-25.2304
-25.1618
-25.152
-25.0735
-25.0441
-25.0343
-25.0049
-24.9657
-24.9069
-24.8284
-24.8284
-24.8186
-24.799
-24.7892
-24.6912
-24.6422
-24.6029
-24.5735
-24.5735
-24.5245
-24.5147
-24.4951
-24.4853
-24.4657
-24.3873
-24.25
-24.2304
-24.2108
-24.1814
-24.1814
-24.1127
-24.0833
-24.0637
-24.0539
-24.0441
-24.0245
-24.0049
-23.9559
-23.8971
-23.8578
-23.8284
-23.7696
-23.7304
-23.7108
-23.701
-23.652
-23.652
-23.6324
-23.6029
-23.6029
-23.5931
-23.5931
-23.5147
-23.5147
-23.4559
-23.4559
-23.4363
-23.4363
-23.3971
-23.3873
-23.3676
-23.299
-23.2892
-23.2206
-23.2206
-23.2108
-23.201
-23.1912
-23.1814
-23.1716
-23.152
-23.1422
-23.1324
-23.1225
-23.1127
-23.0245
-22.9069
-22.8775
-22.8284
-22.799
-22.7598
-22.7598
-22.75
-22.7206
-22.7206
-22.6127
-22.6029
-22.5833
-22.5735
-22.5245
-22.4755
-22.4363
-22.4265
-22.3971
-22.3284
-22.3186
-22.3088
-22.2402
-22.2108
-22.201
-22.1716
-21.9951
-21.9853
-21.9559
-21.9461
-21.9363
-21.8676
-21.848
-21.7892
-21.7892
-21.7598
-21.6912
-21.6324
-21.6127
-21.5931
-21.5539
-21.5441
-21.4755
-21.4461
-21.4461
-21.4363
-21.4167
-21.4167
-21.2696
-21.2304
-21.1029
-21.0049
-20.9853
-20.9559
-20.9363
-20.9363
-20.9363
-20.8676
-20.8578
-20.799
-20.7696
-20.7402
-20.7206
-20.701
-20.6814
-20.6422
-20.5637
-20.4755
-20.3382
-20.3284
-20.25
-20.1422
-20.1225
-20.1029
-20.0931
-20.0735
-20.0245
-20.0049
-19.9853
-19.8382
-19.8088
-19.799
-19.7598
-19.75
-19.7108
-19.6814
-19.6716
-19.6324
-19.5833
-19.5735
-19.5049
-19.4657
-19.4657
-19.4657
-19.4559
-19.4559
-19.3578
-19.3186
-19.3186
-19.2598
-19.2304
-19.2206
-19.1912
-19.1814
-19.1716
-19.1716
-19.0833
-19.0637
-19.0637
-19.0343
-19.0245
-18.9657
-18.8775
-18.8578
-18.8578
-18.8382
-18.8284
-18.8186
-18.7696
-18.75
-18.7304
-18.7206
-18.652
-18.6127
-18.6029
-18.6029
-18.5735
-18.4951
-18.4265
-18.3971
-18.3873
-18.348
-18.2892
-18.2696
-18.25
-18.2402
-18.2402
-18.2108
-18.1225
-18.1127
-18.1029
-18.0637
-18.0637
-18.0245
-17.9755
-17.9559
-17.9069
-17.8775
-17.8284
-17.799
-17.701
-17.6716
-17.5931
-17.5833
-17.4853
-17.4461
-17.4363
-17.4265
-17.3971
-17.3775
-17.3578
-17.3382
-17.3382
-17.3284
-17.299
-17.25
-17.2402
-17.201
-17.1814
-17.1618
-17.1127
-17.0931
-17.0931
-17.0931
-17.0735
-17.0637
-17.0147
-16.9853
-16.9167
-16.9069
-16.8775
-16.8676
-16.8186
-16.799
-16.7402
-16.6618
-16.6225
-16.5735
-16.5637
-16.5343
-16.5049
-16.4853
-16.4265
-16.4167
-16.4167
-16.3873
-16.3775
-16.3088
-16.299
-16.2892
-16.2794
-16.25
-16.25
-16.2108
-16.152
-16.1422
-15.9951
-15.9853
-15.9755
-15.8971
-15.848
-15.8088
-15.8088
-15.7598
-15.7598
-15.7304
-15.7206
-15.6814
-15.6422
-15.6225
-15.6225
-15.5441
-15.5343
-15.5147
-15.4853
-15.4069
-15.3775
-15.3578
-15.3382
-15.3284
-15.3284
-15.2892
-15.2794
-15.1814
-15.152
-15.1324
-15.0931
-15.0147
-14.9951
-14.9853
-14.9853
-14.8676
-14.8578
-14.8578
-14.7892
-14.7598
-14.7304
-14.7108
-14.6716
-14.652
-14.6422
-14.6422
-14.6422
-14.6127
-14.6127
-14.5931
-14.5539
-14.5245
-14.5245
-14.4755
-14.3186
-14.3088
-14.2304
-14.2304
-14.201
-14.1716
-14.1225
-14.1029
-14.0735
-14.0049
-13.9853
-13.9559
-13.9363
-13.9363
-13.9167
-13.8971
-13.8676
-13.8382
-13.7794
-13.7206
-13.6814
-13.6716
-13.6618
-13.6422
-13.6029
-13.5637
-13.5441
-13.5245
-13.5147
-13.5049
-13.4853
-13.4755
-13.4461
-13.4461
-13.4363
-13.3971
-13.3676
-13.348
-13.3382
-13.3284
-13.3284
-13.3088
-13.3088
-13.2598
-13.25
-13.201
-13.1912
-13.0245
-12.9657
-12.9559
-12.9461
-12.8578
-12.8284
-12.7598
-12.7402
-12.6912
-12.6912
-12.6814
-12.6422
-12.6029
-12.5833
-12.4167
-12.4167
-12.3775
-12.3186
-12.2696
-12.2206
-12.2206
-12.2206
-12.2108
-12.1912
-12.1814
-12.152
-12.1422
-12.1422
-12.1225
-12.1029
-11.9461
-11.9069
-11.8873
-11.8578
-11.848
-11.7696
-11.7696
-11.75
-11.7108
-11.701
-11.6127
-11.6127
-11.6127
-11.5735
-11.5539
-11.3971
-11.3578
-11.3186
-11.2892
-11.2304
-11.2304
-11.152
-11.1324
-11.1225
-11.1127
-11.0833
-11.0637
-11.0637
-11.0441
-11.0441
-11.0343
-10.9951
-10.9755
-10.9755
-10.9559
-10.9069
-10.8873
-10.8676
-10.8284
-10.8088
-10.8088
-10.799
-10.7206
-10.7206
-10.7206
-10.701
-10.6618
-10.5833
-10.5147
-10.4853
-10.4363
-10.299
-10.25
-10.201
-10.1716
-10.1716
-10.1618
-10.1422
-10.1324
-10.1225
-10.0833
-10.0833
-9.94608
-9.93627
-9.93627
-9.93627
-9.89706
-9.87745
-9.86765
-9.83824
-9.79902
-9.78922
-9.7402
-9.60294
-9.58333
-9.57353
-9.53431
-9.5049
-9.4951
-9.48529
-9.41667
-9.33824
-9.31863
-9.2402
-9.21078
-9.18137
-9.18137
-9.13235
-9.11275
-9.08333
-9.07353
-9.05392
-9.02451
-8.98529
-8.98529
-8.96569
-8.96569
-8.96569
-8.94608
-8.93627
-8.88725
-8.7402
-8.71078
-8.68137
-8.63235
-8.61275
-8.61275
-8.37745
-8.31863
-8.30882
-8.30882
-8.2402
-8.21078
-8.06373
-8.02451
-8.0049
-7.9951
-7.94608
-7.93627
-7.88725
-7.86765
-7.78922
-7.77941
-7.72059
-7.71078
-7.67157
-7.63235
-7.62255
-7.58333
-7.53431
-7.5049
-7.48529
-7.47549
-7.46569
-7.45588
-7.43627
-7.39706
-7.36765
-7.33824
-7.30882
-7.29902
-7.21078
-7.16176
-7.04412
-7.04412
-7.04412
-6.95588
-6.94608
-6.93627
-6.92647
-6.91667
-6.80882
-6.64216
-6.63235
-6.58333
-6.57353
-6.53431
-6.52451
-6.51471
-6.48529
-6.46569
-6.44608
-6.43627
-6.41667
-6.41667
-6.37745
-6.29902
-6.2598
-6.23039
-6.22059
-6.15196
-6.13235
-6.12255
-6.11275
-6.11275
-6.06373
-5.93627
-5.91667
-5.90686
-5.84804
-5.84804
-5.83824
-5.81863
-5.80882
-5.80882
-5.78922
-5.72059
-5.70098
-5.70098
-5.65196
-5.61275
-5.60294
-5.60294
-5.59314
-5.58333
-5.54412
-5.51471
-5.5049
-5.46569
-5.45588
-5.44608
-5.39706
-5.38725
-5.37745
-5.30882
-5.26961
-5.2598
-5.22059
-5.22059
-5.16176
-5.11275
-5.10294
-5.09314
-5.08333
-5.07353
-5.05392
-5.04412
-5.04412
-5.02451
-4.9951
-4.92647
-4.92647
-4.88725
-4.83824
-4.82843
-4.77941
-4.69118
-4.67157
-4.51471
-4.47549
-4.46569
-4.37745
-4.34804
-4.33824
-4.33824
-4.30882
-4.30882
-4.29902
-4.27941
-4.26961
-4.26961
-4.22059
-4.20098
-4.20098
-4.14216
-4.09314
-4.09314
-4.09314
-4.08333
-4.06373
-3.95588
-3.89706
-3.88725
-3.84804
-3.82843
-3.75
-3.7402
-3.70098
-3.61275
-3.60294
-3.57353
-3.52451
-3.48529
-3.48529
-3.46569
-3.40686
-3.38725
-3.36765
-3.28922
-3.2598
-3.25
-3.17157
-3.16176
-3.12255
-3.07353
-3.06373
-3.03431
-2.97549
-2.96569
-2.92647
-2.92647
-2.89706
-2.89706
-2.87745
-2.81863
-2.80882
-2.78922
-2.78922
-2.77941
-2.77941
-2.77941
-2.73039
-2.67157
-2.64216
-2.63235
-2.62255
-2.61275
-2.60294
-2.53431
-2.5049
-2.4951
-2.39706
-2.39706
-2.39706
-2.39706
-2.37745
-2.36765
-2.33824
-2.21078
-2.16176
-1.91667
-1.88725
-1.86765
-1.77941
-1.72059
-1.69118
-1.65196
-1.64216
-1.63235
-1.62255
-1.62255
-1.56373
-1.55392
-1.54412
-1.46569
-1.45588
-1.43627
-1.42647
-1.36765
-1.30882
-1.29902
-1.2598
-1.25
-1.2402
-1.2402
-1.22059
-1.07353
-1.03431
-1.02451
-1.01471
-1.0049
-1.0049
-0.995098
-0.995098
-0.916667
-0.897059
-0.857843
-0.789216
-0.651961
-0.622549
-0.612745
-0.553922
-0.514706
-0.495098
-0.485294
-0.465686
-0.455882
-0.446078
-0.436275
-0.436275
-0.397059
-0.387255
-0.377451
-0.338235
-0.230392
-0.171569
-0.161765
-0.122549
0.0343137
0.122549
0.142157
0.210784
0.220588
0.289216
0.387255
0.455882
0.495098
0.514706
0.544118
0.544118
0.612745
0.632353
0.681373
0.759804
0.779412
0.789216
0.808824
0.818627
0.818627
0.818627
0.838235
0.887255
1.05392
1.11275
1.12255
1.12255
1.13235
1.14216
1.2598
1.32843
1.32843
1.47549
1.54412
1.57353
1.58333
1.62255
1.62255
1.65196
1.7402
1.77941
1.77941
1.87745
1.88725
1.95588
1.96569
1.98529
2.0049
2.01471
2.01471
2.02451
2.03431
2.06373
2.07353
2.10294
2.12255
2.2402
2.27941
2.35784
2.37745
2.37745
2.44608
2.45588
2.52451
2.52451
2.58333
2.60294
2.64216
2.68137
2.76961
2.81863
2.87745
2.88725
2.88725
2.93627
2.97549
3.03431
3.06373
3.07353
3.11275
3.12255
3.14216
3.18137
3.20098
3.23039
3.2402
3.25
3.26961
3.36765
3.36765
3.38725
3.40686
3.44608
3.48529
3.5049
3.51471
3.57353
3.63235
3.64216
3.66176
3.69118
3.69118
3.73039
3.77941
3.86765
3.90686
3.9951
4.02451
4.06373
4.08333
4.12255
4.14216
4.15196
4.16176
4.19118
4.19118
4.20098
4.31863
4.32843
4.34804
4.35784
4.35784
4.40686
4.42647
4.47549
4.47549
4.5049
4.52451
4.60294
4.63235
4.64216
4.65196
4.66176
4.73039
4.75
4.79902
4.82843
4.84804
4.88725
4.89706
4.97549
4.9951
5.01471
5.15196
5.17157
5.22059
5.27941
5.28922
5.29902
5.30882
5.38725
5.42647
5.43627
5.46569
5.4951
5.53431
5.57353
5.60294
5.67157
5.71078
5.76961
5.76961
5.81863
5.83824
5.85784
5.87745
5.87745
5.88725
5.94608
5.95588
6.03431
6.08333
6.08333
6.10294
6.15196
6.15196
6.17157
6.18137
6.19118
6.20098
6.2598
6.35784
6.38725
6.43627
6.44608
6.52451
6.52451
6.57353
6.59314
6.66176
6.67157
6.68137
6.7598
6.78922
6.88725
6.91667
6.91667
6.95588
6.97549
6.98529
7.05392
7.05392
7.05392
7.09314
7.09314
7.12255
7.19118
7.20098
7.2598
7.26961
7.33824
7.36765
7.36765
7.38725
7.41667
7.4951
7.54412
7.57353
7.58333
7.58333
7.69118
7.77941
7.82843
7.87745
7.89706
7.92647
7.92647
7.9951
8.04412
8.05392
8.06373
8.06373
8.07353
8.09314
8.13235
8.22059
8.22059
8.23039
8.2598
8.26961
8.32843
8.32843
8.34804
8.35784
8.40686
8.43627
8.44608
8.51471
8.51471
8.52451
8.52451
8.59314
8.61275
8.63235
8.66176
8.68137
8.70098
8.80882
8.80882
8.88725
8.89706
8.93627
8.94608
9.10294
9.20098
9.25
9.31863
9.39706
9.44608
9.46569
9.47549
9.59314
9.63235
9.65196
9.66176
9.68137
9.71078
9.72059
9.7402
9.84804
9.94608
9.95588
9.97549
10.0147
10.0441
10.0637
10.0735
10.1618
10.1716
10.1716
10.2304
10.2598
10.2696
10.2794
10.3186
10.3284
10.3382
10.3382
10.3382
10.3676
10.3775
10.4657
10.4755
10.4951
10.5245
10.5245
10.5539
10.5637
10.5931
10.6029
10.6422
10.75
10.7696
10.9363
10.9461
10.9559
10.9951
11.0245
11.0245
11.1225
11.1324
11.1324
11.1422
11.1814
11.1912
11.1912
11.2402
11.3088
11.3382
11.348
11.3971
11.4069
11.4265
11.4559
11.4559
11.4657
11.4755
11.5049
11.6225
11.6225
11.6422
11.6814
11.6912
11.7108
11.7598
11.7696
11.7696
11.7794
11.7892
11.8186
11.8284
11.8382
11.9069
11.9657
12.0245
12.0343
12.0441
12.0735
12.0833
12.1127
12.1422
12.152
12.1618
12.2108
12.2402
12.25
12.3284
12.3578
12.4167
12.4265
12.4461
12.5049
12.5049
12.5931
12.6127
12.6422
12.7402
12.7402
12.7696
12.799
12.8186
12.8284
12.8971
12.9853
12.9951
13.0343
13.0343
13.0833
13.1029
13.1324
13.1324
13.1324
13.1716
13.1814
13.1814
13.201
13.2108
13.3578
13.4167
13.4657
13.5147
13.6225
13.6324
13.6422
13.652
13.652
13.6618
13.6912
13.6912
13.701
13.9069
13.9167
13.9559
14.1324
14.152
14.1814
14.1912
14.201
14.2696
14.2892
14.3088
14.4265
14.4559
14.4657
14.4755
14.4853
14.5147
14.5735
14.6422
14.6618
14.6912
14.7402
14.75
14.7598
14.7598
14.799
14.8186
14.848
14.8775
14.8775
14.8873
14.9265
14.9265
14.9755
14.9951
15.0245
15.0833
15.0833
15.0931
15.152
15.152
15.1912
15.25
15.2598
15.2794
15.3088
15.3088
15.3088
15.3578
15.3873
15.3873
15.3971
15.4363
15.4559
15.4951
15.5343
15.5833
15.5931
15.6029
15.6029
15.6618
15.6716
15.6912
15.799
15.8284
15.8578
15.9167
15.9265
15.9559
15.9657
16.0245
16.0735
16.0931
16.1029
16.1225
16.1618
16.1912
16.201
16.2206
16.2402
16.2598
16.2696
16.4167
16.4363
16.4363
16.4461
16.4461
16.4755
16.4755
16.5735
16.5833
16.6814
16.6912
16.701
16.8088
16.8088
16.848
16.8578
16.8676
16.9069
16.9265
16.9363
16.9657
16.9755
17.0343
17.0735
17.0931
17.1127
17.1422
17.152
17.1716
17.1716
17.1814
17.2206
17.2892
17.3578
17.3971
17.4755
17.4755
17.5147
17.5147
17.5539
17.5637
17.5931
17.6324
17.701
17.7108
17.7108
17.8088
17.8186
17.9363
17.9755
18.0245
18.0245
18.0735
18.1029
18.1029
18.1716
18.1814
18.1814
18.201
18.25
18.2892
18.299
18.348
18.3775
18.3873
18.3873
18.4755
18.5049
18.5441
18.5637
18.6029
18.6225
18.6225
18.6324
18.7304
18.75
18.7696
18.7892
18.7892
18.9657
18.9755
18.9951
19.0833
19.1127
19.1225
19.1324
19.152
19.1912
19.2304
19.299
19.299
19.3873
19.4167
19.4363
19.4461
19.4755
19.5049
19.5147
19.5931
19.6324
19.652
19.6618
19.6912
19.7304
19.7402
19.799
19.8971
19.9461
19.9951
20.0049
20.0049
20.1029
20.1618
20.1814
20.1912
20.1912
20.201
20.2402
20.3088
20.3088
20.3186
20.3186
20.3284
20.3676
20.3676
20.4265
20.4559
20.4559
20.5245
20.5441
20.5735
20.652
20.6814
20.6912
20.7206
20.7794
20.8382
20.9069
20.9363
20.9951
21.0343
21.0833
21.1029
21.1225
21.1422
21.25
21.2794
21.348
21.3676
21.4265
21.4265
21.4461
21.5735
21.5735
21.5833
21.6127
21.6127
21.6225
21.6618
21.6814
21.7108
21.7304
21.7696
21.8284
21.8578
21.8578
21.8676
21.8873
21.9069
21.9363
21.9755
21.9951
22.0147
22.0245
22.0343
22.0343
22.0539
22.0637
22.0833
22.0833
22.152
22.2304
22.2304
22.2696
22.3284
22.3382
22.3578
22.3775
22.3873
22.4657
22.4853
22.4853
22.4853
22.4951
22.5343
22.5441
22.5539
22.5735
22.6716
22.6814
22.7108
22.7402
22.7402
22.7696
22.7696
22.799
22.8578
22.8676
22.8775
22.8873
22.8873
22.9069
22.9167
22.9461
22.9559
22.9755
23.0833
23.1029
23.2206
23.2598
23.2892
23.2892
23.299
23.3186
23.3186
23.3186
23.3382
23.4069
23.4461
23.4461
23.5539
23.5637
23.6127
23.6422
23.652
23.7402
23.7402
23.7402
23.7794
23.7892
23.8382
23.8775
23.9069
23.9167
23.9461
23.9559
23.9559
23.9657
23.9755
24.0147
24.0343
24.0637
24.0833
24.1029
24.1422
24.1618
24.1618
24.1716
24.1716
24.3088
24.3186
24.3382
24.4265
24.4951
24.5147
24.5343
24.6225
24.6324
24.6618
24.6912
24.75
24.799
24.799
24.8186
24.8284
24.8676
25.0147
25.0441
25.0441
25.0441
25.0539
25.1029
25.2402
25.2794
25.299
25.3088
25.3775
25.4167
25.4657
25.4853
25.5049
25.5539
25.5539
25.6716
25.7304
25.8382
25.8676
25.8775
25.9069
25.9363
25.9951
26.0147
26.0343
26.0343
26.0833
26.1029
26.1127
26.1422
26.201
26.2206
26.299
26.299
26.3088
26.3578
26.3578
26.3775
26.4069
26.4167
26.4363
26.4755
26.5343
26.5637
26.5637
26.5735
26.5833
26.5833
26.5931
26.6029
26.6029
26.6127
26.6618
26.6716
26.6814
26.7206
26.8676
26.8971
26.8971
26.9167
26.9363
26.9755
27.0245
27.0245
27.0343
27.1127
27.1127
27.1618
27.1618
27.1814
27.2206
27.2304
27.299
27.3088
27.3382
27.3676
27.3775
27.3971
27.4559
27.4853
27.5637
27.5931
27.6029
27.6422
27.6618
27.6716
27.6814
27.7304
27.7598
27.7794
27.8186
27.848
27.9265
28.1127
28.1225
28.1422
28.2402
28.2402
28.2892
28.3088
28.348
28.3775
28.3971
28.4069
28.4461
28.4461
28.4853
28.4951
28.5441
28.5637
28.5735
28.7108
28.7304
28.8186
28.9559
29.0931
29.1127
29.152
29.1716
29.201
29.2598
29.2696
29.299
29.3088
29.3284
29.3873
29.5343
29.5441
29.5441
29.5931
29.6225
29.6324
29.6716
29.6912
29.701
29.701
29.7696
29.8088
29.8284
29.9167
29.9461
29.9951
30.0147
30.0343
30.0441
30.0735
30.1127
30.152
30.1618
30.1912
30.1912
30.201
30.2206
30.2304
30.2402
30.2794
30.2892
30.3578
30.3676
30.3873
30.4069
30.4461
30.4559
30.4559
30.4657
30.5245
30.5637
30.6618
30.6716
30.6912
30.7696
30.8382
30.8578
30.8775
30.9167
30.9363
31.0539
31.0637
31.0637
31.0931
31.1127
31.1225
31.2108
31.2304
31.2402
31.3578
31.4069
31.4265
31.4657
31.4853
31.5441
31.5441
31.5539
31.5931
31.5931
31.5931
31.6422
31.6814
31.6912
31.7108
31.7598
31.8186
31.8382
31.8676
31.8775
31.9755
31.9951
31.9951
32.0147
32.0441
32.0637
32.1127
32.1127
32.1324
32.1422
32.1422
32.152
32.1618
32.201
32.2206
32.2206
32.2892
32.3088
32.3088
32.3382
32.348
32.3676
32.3971
32.3971
32.4167
32.4363
32.4657
32.4657
32.4657
32.4755
32.6225
32.6324
32.652
32.652
32.6912
32.6912
32.75
32.75
32.7598
32.7892
32.8578
32.8676
32.8775
32.9853
33.0049
33.0147
33.0245
33.1127
33.1324
33.1422
33.1912
33.201
33.2108
33.2304
33.2892
33.3088
33.3186
33.348
33.348
33.3578
33.3676
33.3971
33.4167
33.4265
33.4559
33.5049
33.5049
33.5049
33.5735
33.5931
33.6127
33.6324
33.6324
33.6422
33.701
33.9069
33.9951
34.0245
34.0245
34.0343
34.0931
34.1225
34.1422
34.1716
34.2206
34.25
34.299
34.3284
34.3873
34.4265
34.4461
34.4559
34.4755
34.5147
34.5833
34.5931
34.6029
34.6127
34.6422
34.6618
34.701
34.701
34.7108
34.7304
34.7892
34.9265
34.9363
34.9461
34.9559
34.9755
34.9853
35.0049
35.0441
35.1029
35.152
35.1912
35.201
35.2108
35.2206
35.2402
35.25
35.2696
35.2794
35.299
35.299
35.299
35.348
35.3676
35.4265
35.4853
35.5735
35.6127
35.6225
35.6716
35.6912
35.7206
35.7598
35.8088
35.8186
35.8186
35.848
35.8676
35.8775
35.9461
35.9461
35.9755
35.9951
36.0147
36.0539
36.0931
36.0931
36.1029
36.1127
36.1422
36.1618
36.1618
36.1716
36.2206
36.2696
36.2696
36.2794
36.2794
36.3284
36.3676
36.4461
36.4951
36.5637
36.6029
36.652
36.6618
36.6716
36.7108
36.7304
36.75
36.7696
36.7794
36.7794
36.7892
36.848
36.848
36.9167
37.0049
37.0147
37.0147
37.1127
37.1127
37.1225
37.1225
37.152
37.1716
37.201
37.25
37.25
37.25
37.25
37.2892
37.3088
37.3088
37.3284
37.348
37.3578
37.4069
37.4559
37.5637
37.5735
37.5833
37.6324
37.652
37.6912
37.701
37.7696
37.7794
37.7892
37.9363
37.9951
37.9951
38.0735
38.0735
38.0833
38.1225
38.1422
38.1814
38.1814
38.1912
38.201
38.2402
38.2794
38.2892
38.3676
38.4657
38.4755
38.5049
38.5049
38.5441
38.5931
38.6225
38.652
38.6716
38.6716
38.7206
38.7206
38.7206
38.7402
38.7598
38.7892
38.7892
38.8088
38.9167
38.9167
38.9363
38.9461
38.9755
39.0147
39.0441
39.1127
39.1127
39.1814
39.1912
39.1912
39.2108
39.2402
39.2892
39.299
39.3186
39.3873
39.4069
39.5245
39.5245
39.5343
39.5343
39.5343
39.5539
39.5735
39.5833
39.6127
39.6324
39.6912
39.701
39.8088
39.848
39.848
39.8578
39.8676
39.9069
39.9265
39.9657
39.9755
39.9951
39.9951
40.0147
40.0833
40.1029
40.1029
40.1225
40.1225
40.152
40.1716
40.1814
40.2108
40.2402
40.25
40.2892
40.3775
40.4461
40.4951
40.5833
40.5833
40.6127
40.6324
40.6618
40.7206
40.7206
40.7304
40.75
40.7696
40.8186
40.8676
40.9069
40.9069
40.9559
40.9951
41.0049
41.0441
41.1029
41.1127
41.1127
41.1422
41.1422
41.1716
41.2794
41.2892
41.3186
41.3382
41.3382
41.348
41.3775
41.4167
41.4265
41.4265
41.4853
41.5343
41.5343
41.5931
41.6422
41.6618
41.7304
41.7402
41.7598
41.7598
41.7598
41.7794
41.8088
41.8088
41.8186
41.848
41.8676
41.8873
41.9559
41.9657
41.9853
41.9853
41.9853
41.9853
41.9951
42.0343
42.0343
42.0735
42.1814
42.2696
42.3186
42.348
42.4167
42.4167
42.4559
42.4951
42.5343
42.5441
42.5833
42.5833
42.6225
42.6618
42.6716
42.6716
42.7206
42.7794
42.8971
42.9069
42.9069
42.9951
43.0049
43.0049
43.0833
43.1127
43.1324
43.1422
43.152
43.201
43.25
43.2794
43.2892
43.2892
43.2892
43.299
43.3088
43.3186
43.3284
43.348
43.348
43.3676
43.5441
43.5833
43.5931
43.6324
43.6716
43.6912
43.7108
43.7696
43.799
43.799
43.8382
43.9265
44.0539
44.0539
44.1618
44.1716
44.2108
44.2304
44.2696
44.2794
44.3088
44.3971
44.4069
44.4461
44.4755
44.4755
44.5245
44.6618
44.701
44.7108
44.7108
44.7206
44.7598
44.8186
44.9363
44.9363
44.9363
44.9461
44.9853
45.0147
45.0539
45.0539
45.1324
45.152
45.1618
45.2304
45.2402
45.2696
45.2794
45.2892
45.3088
45.3186
45.3676
45.4069
45.4167
45.5049
45.5049
45.5147
45.5245
45.5343
45.5343
45.5343
45.5833
45.5833
45.7206
45.7206
45.7598
45.7696
45.7892
45.848
45.9167
45.9363
45.9461
45.9657
45.9853
46.0245
46.0441
46.0441
46.0441
46.0539
46.0637
46.0637
46.0637
46.0735
46.0931
46.1029
46.1422
46.2206
46.2206
46.2206
46.2402
46.2402
46.2794
46.3186
46.3284
46.3284
46.348
46.3676
46.3676
46.3873
46.3873
46.4265
46.4265
46.5245
46.5539
46.5833
46.5931
46.5931
46.6127
46.6618
46.7598
46.7696
46.7892
46.799
46.8578
46.8676
46.9069
46.9657
47.0539
47.0637
47.0637
47.0637
47.1029
47.1814
47.1912
47.2402
47.4069
47.4265
47.4265
47.4951
47.4951
47.4951
47.5049
47.5049
47.5539
47.5931
47.6225
47.652
47.7304
47.7696
47.8088
47.8382
47.8578
47.8775
47.8775
47.9167
47.9657
48.0441
48.0637
48.0931
48.1029
48.1127
48.1225
48.1324
48.1324
48.152
48.1814
48.201
48.2108
48.2108
48.2206
48.3284
48.3284
48.3775
48.4069
48.4069
48.4265
48.4951
48.5637
48.6029
48.6422
48.652
48.6912
48.701
48.7304
48.7696
48.7696
48.8186
48.8284
48.8578
48.8578
48.9265
48.9265
48.9265
48.9363
48.9461
48.9657
48.9755
49.0049
49.0637
49.0735
49.1422
49.2696
49.2892
49.2892
49.3088
49.3186
49.3382
49.3382
49.3676
49.3676
49.4167
49.4265
49.4363
49.4755
49.4755
49.5049
49.5049
49.5245
49.5637
49.6422
49.652
49.652
49.7402
49.7402
49.7598
49.7892
49.8186
49.8186
49.9069
49.9265
49.9265
49.9461
49.9559
49.9559
49.9559
49.9657
50.0245
50.0343
50.0931
50.1225
50.1324
50.1716
50.1716
50.2108
50.2696
50.3284
50.3382
50.3578
50.4363
50.4657
50.5049
50.5343
50.5833
50.6029
50.6225
50.6225
50.6324
50.701
50.7598
50.7696
50.7696
50.7794
50.7892
50.8186
50.8971
50.9069
50.9167
50.9265
50.9461
51.0441
51.0931
51.1029
51.1225
51.1324
51.1814
51.1912
51.2794
51.3088
51.3088
51.3578
51.3775
51.4363
51.4559
51.4755
51.5441
51.6225
51.6225
51.6324
51.6618
51.7108
51.7206
51.7402
51.7794
51.8382
51.9559
51.9755
52.0343
52.0539
52.0637
52.1422
52.1618
52.1716
52.1814
52.201
52.2108
52.2206
52.25
52.2892
52.299
52.3578
52.3578
52.3775
52.3775
52.3873
52.4657
52.4657
52.4951
52.6127
52.6422
52.652
52.6716
52.701
52.7304
52.7402
52.7696
52.7892
52.8873
52.9167
52.9755
52.9853
53.0245
53.0343
53.0441
53.0735
53.152
53.2304
53.2402
53.2696
53.3284
53.3676
53.3775
53.4853
53.4951
53.5049
53.5441
53.5539
53.652
53.6618
53.6716
53.6814
53.6912
53.7108
53.75
53.7598
53.799
53.8186
53.8382
53.8873
53.8971
53.8971
53.9265
53.9363
53.9559
53.9657
53.9853
54.0049
54.0245
54.0343
54.0931
54.0931
54.1422
54.152
54.1716
54.1912
54.2108
54.2794
54.3382
54.3775
54.4265
54.5245
54.5245
54.5539
54.5539
54.6127
54.6716
54.6912
54.701
54.7402
54.75
54.7696
54.8088
54.8578
54.8578
54.8676
54.8873
54.9069
54.9069
54.9069
54.9167
54.9363
54.9755
55.0833
55.1127
55.1814
55.201
55.2108
55.2108
55.2108
55.2402
55.299
55.3775
55.3873
55.4265
55.4853
55.4951
55.5049
55.5539
55.5735
55.6127
55.6618
55.75
55.75
55.8971
55.8971
55.9069
55.9461
55.9657
56.0833
56.0931
56.0931
56.1029
56.3284
56.3676
56.3676
56.4265
56.4559
56.5147
56.5441
56.5637
56.6225
56.6422
56.652
56.6814
56.6912
56.701
56.701
56.7402
56.7598
56.7696
56.799
56.8088
56.8873
56.8971
56.9265
56.9657
56.9755
56.9755
56.9951
56.9951
57.0147
57.1324
57.1618
57.1814
57.201
57.2402
57.25
57.2696
57.3088
57.348
57.348
57.3873
57.4265
57.5049
57.5637
57.6716
57.7108
57.7696
57.7892
57.799
57.848
57.9069
57.9069
57.9167
57.9461
57.9657
57.9853
58.0147
58.0735
58.1225
58.1324
58.1618
58.1814
58.2206
58.3186
58.3382
58.3578
58.3578
58.3578
58.3775
58.4167
58.4461
58.4755
58.5245
58.5441
58.5539
58.6029
58.6225
58.701
58.7108
58.7696
58.8186
58.8382
58.848
58.9755
59.0343
59.0735
59.0931
59.1127
59.1225
59.1912
59.2206
59.2304
59.2402
59.25
59.2598
59.2892
59.2892
59.4069
59.4069
59.4167
59.4167
59.5147
59.6324
59.6814
59.7892
59.799
59.848
59.8676
59.8676
59.8873
59.8873
59.9069
59.9167
59.9265
59.9755
59.9755
60.0539
60.0735
60.0833
60.1029
60.2108
60.2598
60.2794
60.3186
60.348
60.4461
60.4461
60.4559
60.6127
60.6225
60.652
60.6618
60.6912
60.7304
60.8088
60.848
60.8775
60.8775
60.8775
60.9167
60.9363
60.9657
60.9853
60.9853
61.0245
61.1324
61.1324
61.1422
61.1618
61.2304
61.2402
61.2598
61.3186
61.3186
61.3382
61.3382
61.3578
61.3971
61.4167
61.4363
61.5147
61.5245
61.5539
61.5637
61.6029
61.6127
61.6814
61.6814
61.701
61.7108
61.7794
61.8088
61.9363
61.9559
61.9657
62.0049
62.0245
62.0343
62.0735
62.0833
62.0833
62.1225
62.1716
62.2108
62.3186
62.3284
62.3284
62.4069
62.4167
62.4657
62.4951
62.5147
62.5343
62.6029
62.6814
62.848
62.8578
62.8578
62.8873
62.9853
63.0343
63.0539
63.0637
63.1324
63.1618
63.1814
63.201
63.2108
63.2206
63.2206
63.2696
63.2892
63.3382
63.3775
63.3971
63.3971
63.4069
63.4755
63.4951
63.5049
63.5637
63.5833
63.5833
63.5833
63.7402
63.7402
63.7696
63.8088
63.8186
63.8578
63.9069
63.9657
63.9853
63.9853
64.0049
64.0049
64.0147
64.0539
64.1324
64.1716
64.299
64.3088
64.3382
64.3873
64.4265
64.4363
64.4461
64.5343
64.5637
64.5833
64.5931
64.5931
64.6127
64.6127
64.652
64.75
64.7696
64.848
64.8578
64.8676
65.0147
65.0245
65.0343
65.0833
65.0931
65.1029
65.201
65.2108
65.2402
65.2696
65.2892
65.4363
65.4657
65.4657
65.4657
65.5637
65.5735
65.5833
65.6127
65.6716
65.701
65.7304
65.7696
65.8578
65.8971
65.8971
65.9657
65.9951
66.0049
66.0147
66.2794
66.299
66.3088
66.3578
66.3578
66.3775
66.3873
66.4167
66.4559
66.4853
66.4951
66.5147
66.5441
66.5833
66.6225
66.6618
66.6912
66.7108
66.75
66.7696
66.7794
66.7892
66.8186
66.8382
66.848
66.8775
66.8873
66.8971
66.9167
66.9265
66.9461
66.9559
66.9853
67.0637
67.0735
67.1324
67.1618
67.2108
67.25
67.2696
67.2696
67.299
67.3284
67.3775
67.3775
67.3971
67.4069
67.4363
67.4461
67.4755
67.4853
67.5245
67.5441
67.5833
67.5833
67.6029
67.6225
67.6422
67.6912
67.701
67.7108
67.7108
67.7304
67.7696
67.7696
67.7892
67.8578
67.9853
68.0245
68.0441
68.0637
68.0735
68.1225
68.152
68.1618
68.201
68.201
68.2206
68.348
68.348
68.4461
68.4951
68.5441
68.5637
68.5735
68.5931
68.652
68.6618
68.6716
68.6912
68.701
68.7108
68.75
68.75
68.7794
68.7892
68.8578
68.8775
68.9069
69.0343
69.1716
69.2304
69.2598
69.3186
69.3284
69.3578
69.3873
69.5833
69.6029
69.6324
69.6324
69.6422
69.652
69.6912
69.7206
69.7794
69.8088
69.8775
70.0147
70.0539
70.0833
70.0931
70.1127
70.1127
70.1814
70.2206
70.2794
70.3186
70.3775
70.4167
70.4461
70.4755
70.5245
70.6127
70.6324
70.6422
70.6716
70.6716
70.6912
70.8873
70.9657
70.9755
70.9853
71.0147
71.0441
71.0931
71.1225
71.1324
71.1716
71.201
71.201
71.2402
71.2892
71.299
71.348
71.3971
71.4167
71.4265
71.4363
71.4461
71.4657
71.4853
71.5441
71.5637
71.5735
71.652
71.6716
71.7206
71.7304
71.7794
71.8578
71.8676
71.8676
71.8971
71.9069
71.9657
71.9755
72.0147
72.1422
72.152
72.2206
72.25
72.2598
72.2598
72.2892
72.2892
72.3186
72.3382
72.4461
72.4559
72.4657
72.4657
72.5049
72.6225
72.6225
72.6324
72.7598
72.8186
72.8578
72.8775
72.9167
72.9657
72.9657
73.0147
73.0343
73.0441
73.0735
73.0833
73.1029
73.1422
73.1716
73.1814
73.1912
73.1912
73.201
73.2108
73.25
73.2598
73.2892
73.348
73.348
73.3873
73.4265
73.4461
73.4559
73.5735
73.6225
73.701
73.75
73.8578
73.9069
73.9853
73.9951
74.0245
74.0441
74.0931
74.0931
74.1422
74.152
74.1618
74.201
74.2108
74.2206
74.2304
74.2794
74.2892
74.3284
74.3382
74.348
74.3873
74.4461
74.4559
74.5343
74.5441
74.5441
74.5539
74.5735
74.5735
74.5931
74.6029
74.6127
74.7402
74.7402
74.75
74.799
74.8088
74.8284
74.8578
74.8775
74.8971
74.8971
74.9363
74.9461
74.9461
74.9951
75.0343
75.0735
75.0735
75.152
75.1618
75.1814
75.2206
75.2304
75.2696
75.2696
75.3088
75.348
75.3775
75.4069
75.4657
75.4755
75.4853
75.4853
75.4951
75.5049
75.5245
75.5539
75.6422
75.701
75.7892
75.799
75.8186
75.8284
75.848
75.8676
75.8873
75.8971
75.9363
76.0441
76.1029
76.1127
76.1324
76.1912
76.2402
76.25
76.3186
76.3284
76.3284
76.348
76.348
76.3971
76.4265
76.4559
76.5441
76.5539
76.5833
76.5931
76.5931
76.6225
76.7108
76.7206
76.7206
76.7696
76.7892
76.8382
76.8578
76.8971
76.9167
76.9265
76.9461
76.9657
76.9951
77.0343
77.0441
77.0539
77.0735
77.0931
77.1324
77.1422
77.1618
77.201
77.25
77.3284
77.3382
77.3382
77.3873
77.4853
77.5147
77.5147
77.5735
77.6127
77.6814
77.6912
77.7304
77.7304
77.75
77.8088
77.8676
77.9265
77.9559
77.9657
78.0637
78.0735
78.0833
78.1029
78.1127
78.1324
78.1324
78.152
78.25
78.299
78.299
78.3186
78.3971
78.4167
78.4657
78.4657
78.4853
78.4951
78.4951
78.5245
78.5245
78.5441
78.5833
78.5833
78.6029
78.6225
78.6324
78.6422
78.6618
78.6618
78.6716
78.7108
78.7598
78.7892
78.8186
78.8775
78.9363
78.9755
78.9951
79.0833
79.1324
79.1716
79.2206
79.2206
79.299
79.3088
79.3186
79.3186
79.348
79.3578
79.4167
79.4167
79.4265
79.4461
79.4559
79.5441
79.5637
79.652
79.6912
79.7108
79.7206
79.7696
79.7794
79.8088
79.8284
79.9069
79.9363
79.9657
79.9755
80.0049
80.0245
80.0343
80.1127
80.1324
80.1618
80.2108
80.2108
80.2304
80.2794
80.4363
80.4657
80.4755
80.4853
80.4853
80.4853
80.5147
80.5245
80.5441
80.5931
80.6324
80.6716
80.7108
80.7304
80.7304
80.75
80.75
80.7598
80.8088
80.8284
80.9167
80.9265
80.9363
80.9657
80.9755
80.9853
81.0245
81.0637
81.0735
81.2206
81.25
81.299
81.3578
81.3775
81.4167
81.4951
81.4951
81.4951
81.5441
81.5833
81.5833
81.6029
81.6324
81.6422
81.7206
81.75
81.7696
81.799
81.799
81.8186
81.8873
81.9265
81.9559
81.9755
82.0245
82.0931
82.1814
82.1912
82.2108
82.25
82.25
82.2598
82.299
82.3088
82.4265
82.4755
82.4951
82.5147
82.5931
82.6422
82.6618
82.6716
82.7892
82.7892
82.7892
82.7892
82.8382
82.848
82.8775
82.8775
82.9461
82.9755
82.9853
83.0343
83.0539
83.152
83.1814
83.201
83.4167
83.4755
83.5049
83.5539
83.5735
83.5735
83.6618
83.6814
83.6814
83.7402
83.8578
83.9069
83.9461
83.9461
83.9657
83.9755
84.0343
84.0441
84.0441
84.0539
84.0637
84.0735
84.0931
84.1029
84.1422
84.1618
84.1814
84.201
84.201
84.2598
84.2696
84.2696
84.2892
84.3284
84.3382
84.348
84.3578
84.3578
84.3971
84.4559
84.4657
84.4755
84.5245
84.5539
84.5833
84.5931
84.6029
84.6716
84.701
84.7402
84.7892
84.8873
84.8971
84.9167
84.9461
84.9657
84.9853
85.0441
85.0735
85.1127
85.1127
85.1225
85.152
85.1618
85.1814
85.2402
85.25
85.3186
85.3284
85.348
85.3971
85.4069
85.4559
85.4755
85.4951
85.5147
85.5245
85.5637
85.6029
85.7304
85.7304
85.7304
85.7892
85.799
85.8578
85.9363
86.0637
86.0637
86.0637
86.1127
86.1127
86.1225
86.2794
86.3186
86.3186
86.3382
86.348
86.348
86.4069
86.4265
86.4363
86.4853
86.5833
86.6225
86.7304
86.7598
86.7892
86.8186
86.9069
86.9167
86.9559
86.9657
87.0245
87.0637
87.0637
87.1127
87.1127
87.1127
87.25
87.2794
87.3186
87.348
87.3775
87.4363
87.4461
87.4559
87.4755
87.5245
87.5441
87.5539
87.5637
87.5735
87.5735
87.5735
87.5931
87.5931
87.6225
87.6912
87.701
87.7206
87.7402
87.8284
87.8382
87.8578
87.8775
87.9265
87.9853
87.9853
88.0147
88.0735
88.0931
88.201
88.25
88.2598
88.2696
88.3088
88.3088
88.348
88.348
88.4167
88.4167
88.4265
88.5049
88.5049
88.5147
88.5147
88.5833
88.6029
88.6127
88.6225
88.6716
88.6814
88.7304
88.75
88.8088
88.8382
88.8775
88.9069
88.9069
88.9363
88.9461
88.9657
89.0343
89.0931
89.1029
89.1422
89.2206
89.2892
89.3382
89.3971
89.3971
89.4559
89.5343
89.5539
89.5637
89.5931
89.6127
89.6618
89.6716
89.6912
89.7206
89.7794
89.7892
89.8088
89.8382
89.8382
89.8382
89.8382
89.9657
89.9755
89.9755
89.9951
90.0147
90.0245
90.0931
90.1127
90.201
90.2304
90.25
90.25
90.299
90.3382
90.348
90.3873
90.4069
90.4069
90.4167
90.4363
90.4559
90.5049
90.5147
90.5441
90.5539
90.5931
90.6225
90.6422
90.6618
90.6618
90.6814
90.7108
90.7794
90.799
90.8088
90.9069
90.9069
91.0147
91.0245
91.0735
91.0833
91.1225
91.1324
91.1324
91.1422
91.1618
91.1814
91.201
91.2108
91.2402
91.3088
91.3873
91.3873
91.3971
91.4265
91.4363
91.4657
91.5441
91.5539
91.5931
91.6716
91.7206
91.7206
91.8284
91.8873
91.9167
91.9265
91.9265
92.0245
92.0637
92.0833
92.152
92.1716
92.2206
92.2206
92.2304
92.2304
92.2598
92.3676
92.3873
92.3971
92.4069
92.4167
92.4363
92.4363
92.4461
92.4657
92.4755
92.5147
92.5343
92.5539
92.5539
92.5833
92.5931
92.5931
92.652
92.6716
92.6716
92.6716
92.6912
92.7206
92.7696
92.7794
92.8186
92.8284
92.8873
92.9069
92.9755
92.9755
92.9853
93.0441
93.1029
93.2304
93.2598
93.2598
93.2696
93.2794
93.2892
93.3284
93.4657
93.5147
93.5245
93.5343
93.5539
93.5735
93.652
93.799
93.848
93.8873
93.9559
93.9853
94.0245
94.0441
94.0637
94.0931
94.1618
94.1814
94.2108
94.2402
94.3676
94.3775
94.4461
94.4559
94.4755
94.4853
94.5049
94.5637
94.5833
94.5833
94.5931
94.6127
94.6716
94.75
94.7892
94.799
94.799
94.848
94.8578
94.8971
94.9363
94.9461
94.9853
95.0049
95.25
95.25
95.25
95.2696
95.2794
95.2892
95.3284
95.3775
95.3873
95.3971
95.4069
95.4461
95.4755
95.4951
95.4951
95.5147
95.5147
95.5441
95.5833
95.5931
95.652
95.6618
95.6618
95.75
95.7696
95.7794
95.7892
95.848
95.848
95.8676
95.9755
96.0049
96.0147
96.0637
96.1814
96.2108
96.2304
96.2402
96.2402
96.25
96.2696
96.299
96.3971
96.4069
96.4559
96.4559
96.4755
96.4951
96.4951
96.5441
96.7108
96.7304
96.7598
96.7794
96.8284
96.8284
96.8284
96.8676
96.9069
96.9167
96.9167
96.9363
97.0343
97.1029
97.1324
97.1422
97.1912
97.2108
97.2402
97.25
97.299
97.3382
97.4167
97.4265
97.4559
97.5441
97.6422
97.6422
97.6716
97.7108
97.7892
97.799
97.8284
97.8382
97.8382
97.848
98.0539
98.0539
98.0637
98.1225
98.1324
98.1324
98.1422
98.152
98.1618
98.3088
98.3186
98.348
98.3775
98.3873
98.4265
98.4363
98.4461
98.4755
98.4853
98.4853
98.5049
98.5343
98.5441
98.5637
98.5833
98.5833
98.6225
98.6324
98.7696
98.7794
98.8186
98.8578
98.8676
98.8971
98.9559
99.0245
99.0637
99.0735
99.0735
99.1324
99.1814
99.2206
99.2696
99.299
99.348
99.3578
99.4265
99.4559
99.5147
99.5637
99.5931
99.6225
99.6618
99.7206
99.7598
99.8186
99.8578
99.8971
99.9265
99.9461
100.005
100.034
100.044
100.211
100.26
100.26
100.27
100.289
100.309
100.328
100.387
100.397
100.456
100.475
100.475
100.485
100.485
100.495
100.525
100.564
100.603
100.681
100.73
100.73
100.73
100.75
100.789
100.819
100.877
100.936
100.995
101.064
101.142
101.152
101.191
101.191
101.201
101.338
101.348
101.407
101.417
101.505
101.534
101.554
101.593
101.603
101.672
101.691
101.691
101.711
101.711
101.897
101.936
101.936
101.936
101.966
101.966
101.995
102.025
102.044
102.044
102.054
102.103
102.152
102.162
102.181
102.181
102.191
102.211
102.23
102.26
102.26
102.279
102.309
102.328
102.358
102.377
102.417
102.417
102.466
102.525
102.525
102.534
102.544
102.544
102.583
102.613
102.613
102.681
102.701
102.73
102.76
102.76
102.77
102.779
102.799
102.828
102.848
102.907
102.966
102.975
103.005
103.064
103.074
103.074
103.103
103.152
103.191
103.221
103.23
103.23
103.24
103.289
103.289
103.289
103.309
103.338
103.348
103.368
103.368
103.377
103.436
103.525
103.554
103.554
103.564
103.574
103.583
103.642
103.672
103.711
103.75
103.779
103.828
103.877
103.877
103.887
103.907
103.926
103.926
104.025
104.074
104.132
104.142
104.152
104.162
104.348
104.397
104.446
104.446
104.456
104.456
104.505
104.525
104.554
104.603
104.711
104.721
104.721
104.74
104.799
104.838
104.858
104.868
104.917
104.917
104.917
104.946
104.956
104.975
104.975
105.005
105.044
105.044
105.074
105.093
105.152
105.152
105.162
105.221
105.23
105.25
105.289
105.289
105.299
105.299
105.426
105.466
105.525
105.534
105.544
105.564
105.574
105.623
105.662
105.701
105.73
105.75
105.76
105.868
105.868
105.887
105.936
105.995
106.005
106.044
106.054
106.093
106.162
106.172
106.201
106.23
106.26
106.279
106.289
106.397
106.417
106.544
106.554
106.574
106.593
106.642
106.662
106.672
106.75
106.76
106.799
106.858
106.877
106.926
106.956
106.966
106.985
106.985
106.995
107.044
107.132
107.201
107.23
107.25
107.289
107.319
107.397
107.495
107.515
107.534
107.593
107.593
107.632
107.672
107.691
107.711
107.721
107.73
107.77
107.848
107.887
107.907
107.936
107.956
107.956
107.966
107.975
108.015
108.015
108.152
108.162
108.221
108.27
108.299
108.319
108.319
108.368
108.397
108.407
108.417
108.426
108.436
108.446
108.456
108.456
108.495
108.505
108.642
108.77
108.779
108.779
108.877
108.897
108.985
109.005
109.025
109.034
109.044
109.103
109.162
109.211
109.27
109.279
109.289
109.289
109.299
109.338
109.387
109.475
109.505
109.544
109.564
109.574
109.73
109.74
109.74
109.74
109.75
109.76
109.77
109.799
109.838
109.838
109.838
109.868
109.897
109.907
109.917
109.926
109.985
109.985
109.985
110.025
110.034
110.054
110.064
110.074
110.123
110.132
110.172
110.201
110.211
110.221
110.25
110.279
110.289
110.289
110.397
110.446
110.446
110.446
110.466
110.515
110.554
110.583
110.613
110.613
110.623
110.642
110.662
110.76
110.789
110.838
110.868
110.946
110.975
110.995
111.054
111.083
111.132
111.191
111.191
111.201
111.24
111.26
111.279
111.338
111.368
111.387
111.466
111.466
111.475
111.495
111.525
111.534
111.544
111.603
111.623
111.632
111.74
111.75
111.838
111.848
111.877
111.917
111.917
111.966
112.015
112.054
112.103
112.103
112.142
112.162
112.172
112.211
112.221
112.23
112.26
112.289
112.328
112.338
112.348
112.358
112.613
112.642
112.672
112.701
112.74
112.828
112.828
112.828
112.868
112.917
112.995
113.083
113.083
113.181
113.201
113.211
113.221
113.24
113.26
113.26
113.279
113.299
113.338
113.426
113.436
113.446
113.456
113.475
113.485
113.534
113.564
113.613
113.711
113.711
113.75
113.77
113.819
113.828
113.838
113.848
113.877
113.966
113.975
114.034
114.074
114.093
114.103
114.113
114.142
114.152
114.172
114.289
114.299
114.319
114.348
114.358
114.368
114.377
114.387
114.397
114.407
114.417
114.485
114.534
114.574
114.613
114.613
114.613
114.613
114.691
114.691
114.711
114.73
114.779
114.809
114.858
114.858
114.877
114.887
114.887
114.897
114.985
115.025
115.044
115.054
115.113
115.142
115.162
115.201
115.201
115.211
115.23
115.309
115.338
115.348
115.475
115.495
115.515
115.534
115.652
115.672
115.691
115.721
115.809
115.819
115.926
115.956
115.966
115.975
115.975
116.044
116.054
116.054
116.074
116.074
116.074
116.083
116.113
116.142
116.172
116.191
116.211
116.24
116.289
116.299
116.348
116.348
116.358
116.368
116.387
116.456
116.456
116.475
116.475
116.574
116.583
116.603
116.691
116.691
116.701
116.721
116.73
116.73
116.779
116.789
116.799
116.799
116.819
116.838
116.838
116.868
116.956
116.975
116.975
116.995
117.005
117.005
117.034
117.054
117.074
117.25
117.25
117.299
117.319
117.319
117.377
117.456
117.475
117.475
117.495
117.632
117.721
117.73
117.73
117.74
117.77
117.809
117.828
117.868
117.907
117.917
118.025
118.034
118.083
118.123
118.132
118.132
118.201
118.211
118.221
118.26
118.289
118.309
118.338
118.377
118.377
118.426
118.436
118.446
118.485
118.485
118.495
118.554
118.652
118.662
118.672
118.681
118.77
118.779
118.799
118.819
118.828
118.838
118.887
118.985
119.005
119.005
119.054
119.103
119.103
119.142
119.152
119.181
119.181
119.191
119.26
119.417
119.466
119.475
119.544
119.574
119.603
119.603
119.613
119.691
119.691
119.691
119.73
119.76
119.76
119.76
119.779
119.799
119.799
119.838
119.848
119.877
119.907
119.936
119.975
119.975
119.985
120.034
120.064
120.064
120.093
120.142
120.152
120.172
120.181
120.221
120.25
120.26
120.279
120.309
120.397
120.397
120.417
120.475
120.554
120.564
120.603
120.642
120.672
120.779
120.779
120.779
120.789
120.848
120.868
120.917
120.917
121.025
121.054
121.074
121.093
121.103
121.123
121.162
121.191
121.191
121.211
121.25
121.26
121.26
121.348
121.348
121.387
121.417
121.466
121.544
121.554
121.593
121.642
121.642
121.662
121.691
121.711
121.74
121.76
121.77
121.877
121.907
121.917
121.946
121.975
121.985
121.995
121.995
122.064
122.074
122.103
122.132
122.142
122.191
122.211
122.26
122.279
122.338
122.358
122.407
122.417
122.446
122.495
122.554
122.564
122.593
122.593
122.632
122.711
122.721
122.789
123.123
123.152
123.162
123.172
123.23
123.26
123.299
123.319
123.328
123.348
123.348
123.387
123.397
123.475
123.505
123.515
123.525
123.642
123.701
123.721
123.76
123.76
123.799
123.799
123.868
123.907
123.917
123.956
123.975
124.015
124.083
124.103
124.132
124.201
124.211
124.27
124.309
124.328
124.387
124.407
124.417
124.426
124.485
124.485
124.495
124.534
124.544
124.583
124.691
124.721
124.75
124.819
124.828
124.887
124.926
124.966
124.966
124.985
125.074
125.103
125.113
125.123
125.172
125.181
125.191
125.221
125.23
125.338
125.358
125.368
125.387
125.397
125.397
125.475
125.583
125.623
125.652
125.662
125.691
125.691
125.779
125.779
125.828
125.858
125.858
125.936
125.995
125.995
125.995
126.005
126.044
126.113
126.132
126.142
126.172
126.201
126.24
126.24
126.279
126.348
126.348
126.397
126.475
126.485
126.515
126.554
126.554
126.623
126.642
126.721
126.721
126.76
126.76
126.77
126.858
126.936
126.966
126.966
126.995
127.005
127.054
127.103
127.123
127.142
127.172
127.181
127.201
127.23
127.23
127.299
127.338
127.436
127.446
127.456
127.515
127.583
127.613
127.691
127.701
127.721
127.75
127.819
127.819
127.868
127.877
127.897
128.005
128.044
128.054
128.074
128.083
128.181
128.25
128.27
128.319
128.377
128.417
128.426
128.456
128.515
128.534
128.583
128.623
128.691
128.701
128.74
128.799
128.858
128.995
129.005
129.093
129.123
129.132
129.142
129.142
129.142
129.142
129.152
129.172
129.181
129.191
129.201
129.23
129.24
129.27
129.348
129.358
129.485
129.554
129.652
129.672
129.701
129.711
129.73
129.74
129.74
129.779
129.995
130.025
130.034
130.044
130.113
130.123
130.132
130.142
130.211
130.221
130.24
130.25
130.279
130.299
130.319
130.338
130.368
130.368
130.417
130.436
130.515
130.534
130.554
130.583
130.593
130.623
130.652
130.691
130.74
130.75
130.779
130.809
130.828
130.858
130.877
130.887
130.926
130.946
130.956
130.975
130.985
131.034
131.093
131.103
131.123
131.152
131.172
131.201
131.201
131.211
131.221
131.221
131.26
131.309
131.417
131.426
131.436
131.485
131.544
131.603
131.652
131.662
131.672
131.681
131.838
131.838
131.848
131.858
131.985
132.015
132.064
132.074
132.074
132.093
132.113
132.152
132.181
132.211
132.211
132.25
132.279
132.289
132.328
132.426
132.485
132.525
132.564
132.583
132.603
132.613
132.662
132.662
132.672
132.77
132.799
132.848
132.858
132.887
132.926
132.926
132.975
133.044
133.054
133.064
133.083
133.093
133.123
133.172
133.221
133.25
133.27
133.289
133.309
133.358
133.426
133.436
133.446
133.456
133.495
133.525
133.613
133.613
133.632
133.691
133.77
133.799
133.809
133.819
133.858
133.868
133.897
133.897
133.926
133.966
133.975
134.015
134.054
134.054
134.074
134.103
134.142
134.221
134.24
134.27
134.279
134.279
134.279
134.358
134.407
134.426
134.436
134.456
134.485
134.485
134.495
134.495
134.505
134.515
134.534
134.534
134.564
134.583
134.613
134.652
134.652
134.662
134.672
134.681
134.74
134.76
134.789
134.809
134.838
134.907
134.917
134.946
134.946
134.956
135.064
135.142
135.142
135.152
135.201
135.211
135.26
135.26
135.289
135.309
135.338
135.348
135.368
135.407
135.407
135.544
135.564
135.574
135.642
135.662
135.711
135.721
135.721
135.76
135.76
135.828
135.858
135.868
135.897
136.034
136.044
136.093
136.123
136.142
136.142
136.142
136.152
136.27
136.279
136.289
136.338
136.368
136.426
136.436
136.446
136.446
136.466
136.515
136.525
136.564
136.593
136.613
136.632
136.662
136.662
136.76
136.779
136.789
136.799
136.809
136.819
136.877
136.926
136.966
137.113
137.123
137.142
137.24
137.25
137.279
137.299
137.309
137.348
137.348
137.368
137.377
137.387
137.436
137.475
137.534
137.632
137.652
137.73
137.73
137.73
137.76
137.779
137.799
137.799
137.848
137.848
137.887
138.064
138.103
138.103
138.123
138.152
138.162
138.181
138.191
138.27
138.368
138.368
138.377
138.377
138.377
138.387
138.417
138.426
138.426
138.485
138.495
138.505
138.574
138.583
138.613
138.623
138.632
138.632
138.642
138.662
138.672
138.77
138.77
138.809
138.868
138.926
138.936
138.946
138.946
139.005
139.034
139.054
139.064
139.093
139.113
139.123
139.162
139.181
139.191
139.201
139.211
139.23
139.24
139.27
139.289
139.515
139.603
139.613
139.652
139.672
139.701
139.711
139.789
139.799
139.848
139.868
139.907
140.005
140.015
140.015
140.025
140.044
140.083
140.103
140.181
140.289
140.309
140.377
140.387
140.436
140.475
140.485
140.495
140.515
140.564
140.662
140.672
140.711
140.74
140.77
140.789
140.848
140.868
140.877
140.936
141.054
141.083
141.093
141.172
141.201
141.211
141.26
141.26
141.279
141.377
141.397
141.407
141.417
141.446
141.475
141.495
141.583
141.662
141.662
141.691
141.691
141.701
141.701
141.711
141.711
141.76
141.779
141.887
141.887
141.907
141.946
141.995
142.025
142.054
142.054
142.074
142.083
142.083
142.093
142.132
142.152
142.152
142.152
142.162
142.162
142.172
142.319
142.368
142.377
142.377
142.377
142.417
142.475
142.525
142.525
142.603
142.603
142.623
142.632
142.662
142.662
142.74
142.77
142.779
142.819
142.838
142.848
142.897
142.907
143.015
143.015
143.034
143.044
143.044
143.074
143.093
143.201
143.211
143.27
143.289
143.299
143.309
143.328
143.338
143.377
143.446
143.495
143.515
143.613
143.623
143.632
143.652
143.701
143.711
143.799
143.848
143.887
143.917
143.936
143.936
143.936
143.946
143.966
143.995
144.025
144.054
144.162
144.172
144.221
144.26
144.26
144.27
144.289
144.299
144.309
144.348
144.387
144.387
144.426
144.466
144.485
144.495
144.534
144.544
144.662
144.691
144.73
144.75
144.76
144.779
144.799
144.819
144.819
144.858
144.897
144.917
144.946
144.985
144.995
145.015
145.064
145.103
145.113
145.221
145.23
145.25
145.279
145.289
145.358
145.407
145.446
145.446
145.466
145.515
145.554
145.632
145.652
145.691
145.701
145.73
145.75
145.809
145.828
145.848
145.858
145.868
145.936
145.946
145.985
145.985
146.005
146.074
146.103
146.26
146.338
146.338
146.348
146.368
146.377
146.397
146.446
146.456
146.525
146.534
146.623
146.701
146.711
146.721
146.74
146.799
146.838
146.877
146.936
146.936
146.975
146.985
147.132
147.172
147.348
147.387
147.387
147.397
147.475
147.475
147.505
147.623
147.642
147.681
147.711
147.74
147.789
147.819
147.819
147.838
147.848
147.877
147.887
147.966
147.985
148.005
148.103
148.132
148.132
148.152
148.162
148.172
148.191
148.221
148.23
148.24
148.25
148.26
148.397
148.417
148.426
148.505
148.583
148.583
148.593
148.623
148.632
148.662
148.691
148.711
148.75
148.779
148.799
148.838
148.956
148.975
149.025
149.034
149.054
149.064
149.093
149.113
149.123
149.152
149.152
149.152
149.162
149.172
149.191
149.377
149.377
149.397
149.407
149.407
149.436
149.446
149.466
149.505
149.515
149.525
149.583
149.583
149.642
149.711
149.721
149.74
149.819
149.819
149.838
149.848
149.887
149.897
149.926
149.966
150.005
150.025
150.034
150.044
150.064
150.123
150.152
150.24
150.328
150.338
150.348
150.358
150.387
150.397
150.515
150.564
150.593
150.593
150.632
150.652
150.691
150.691
150.73
150.77
150.828
150.966
150.975
150.995
151.005
151.025
151.083
151.103
151.191
151.211
151.211
151.23
151.24
151.26
151.319
151.387
151.397
151.446
151.466
151.564
151.574
151.642
151.701
151.76
151.77
151.828
151.926
151.966
152.005
152.083
152.132
152.191
152.191
152.23
152.25
152.299
152.299
152.319
152.319
152.348
152.397
152.417
152.456
152.456
152.534
152.583
152.691
152.858
152.917
152.926
152.975
152.985
153.005
153.034
153.083
153.093
153.103
153.24
153.279
153.289
153.299
153.387
153.456
153.554
153.554
153.574
153.574
153.574
153.593
153.593
153.603
153.623
153.662
153.672
153.691
153.691
153.799
153.809
153.828
153.838
153.887
153.887
153.995
154.015
154.025
154.054
154.083
154.142
154.162
154.211
154.27
154.299
154.328
154.358
154.407
154.417
154.436
154.456
154.505
154.505
154.525
154.525
154.525
154.534
154.583
154.593
154.75
154.76
154.77
154.779
154.799
154.809
154.809
154.828
154.838
154.858
154.858
154.887
154.887
154.907
154.956
154.966
155.015
155.025
155.064
155.093
155.132
155.152
155.152
155.181
155.299
155.319
155.319
155.407
155.426
155.456
155.574
155.574
155.603
155.623
155.662
155.672
155.73
155.75
155.75
155.76
155.76
155.819
155.995
156.015
156.054
156.064
156.083
156.103
156.172
156.191
156.26
156.309
156.348
156.436
156.446
156.534
156.564
156.593
156.613
156.642
156.652
156.672
156.672
156.74
156.75
156.828
156.848
156.917
156.917
156.936
157.054
157.064
157.074
157.093
157.093
157.201
157.221
157.27
157.27
157.407
157.456
157.691
157.701
157.721
157.721
157.77
157.828
157.828
157.858
157.877
157.877
157.887
157.907
157.985
157.995
158.015
158.034
158.054
158.064
158.103
158.142
158.142
158.172
158.211
158.23
158.24
158.25
158.25
158.279
158.279
158.299
158.328
158.368
158.436
158.436
158.544
158.564
158.681
158.691
158.799
158.799
158.828
158.868
158.877
158.897
158.907
158.975
159.025
159.044
159.044
159.054
159.074
159.093
159.103
159.162
159.191
159.191
159.221
159.25
159.26
159.27
159.27
159.309
159.348
159.407
159.446
159.485
159.495
159.495
159.525
159.544
159.564
159.583
159.593
159.593
159.603
159.632
159.652
159.672
159.681
159.73
159.74
159.74
159.75
159.76
159.799
159.809
159.819
159.828
159.887
159.887
159.975
159.985
159.985
159.985
159.995
160.015
160.025
160.034
160.034
160.113
160.142
160.152
160.152
160.201
160.221
160.25
160.309
160.319
160.328
160.407
160.446
160.515
160.525
160.544
160.544
160.593
160.603
